,index,emd_ani_sal,emd_ani_gaze,label
0,225,0.0278996843844652,3.1108953952789307,0
1,226,0.0053085540421307,3.1108953952789307,0
2,227,0.0337814763188362,3.1108953952789307,0
3,228,0.0232117716223001,3.1108953952789307,0
4,229,0.0546340644359588,1.827688217163086,0
5,230,0.0107491854578256,1.8047659397125244,0
6,231,0.0320762544870376,1.8047659397125244,0
7,232,0.0149651588872075,1.8047659397125244,0
8,233,0.0300279390066862,1.6723235845565796,0
9,234,0.0144151179119944,1.6723235845565796,0
10,235,0.0453092828392982,2.349621295928955,0
11,236,0.0451944284141063,2.3393478393554688,0
12,237,0.0223604217171669,2.3393478393554688,0
13,238,0.0198826324194669,1.978157877922058,0
14,239,0.0664228424429893,2.0005791187286377,0
15,240,0.0304654221981763,2.3912549018859863,0
16,241,0.0184295363724231,2.3912549018859863,0
17,242,0.0695875585079193,2.440221071243286,0
18,243,0.0316270440816879,2.440221071243286,0
19,244,0.0689099952578544,3.519230604171753,0
20,245,0.0290655177086591,3.490655899047852,0
21,246,0.0555700249969959,2.424363613128662,0
22,247,0.0824208185076713,2.425412654876709,0
23,248,0.0263400934636592,2.758497476577759,0
24,249,0.0351908132433891,2.749011993408203,0
25,250,0.0125894602388143,3.574540138244629,0
26,251,0.0168359521776437,3.574540138244629,0
27,252,0.0148132825270295,2.663470506668091,0
28,253,0.1107163876295089,3.345047950744629,0
29,254,0.0501187555491924,3.345047950744629,0
30,255,0.0342688970267772,3.3948814868927,0
31,256,0.0430138260126113,2.2779314517974854,0
32,257,0.049049075692892,2.2779314517974854,0
33,258,0.0217379350215196,2.9087142944335938,0
34,259,0.0393187403678894,2.9087142944335938,0
35,260,0.0454643070697784,2.0952634811401367,0
36,261,0.0554502271115779,2.0952634811401367,0
37,262,0.0377709604799747,2.0952634811401367,0
38,263,0.0142256831750273,2.5814054012298584,0
39,264,0.0458030067384243,2.5814054012298584,0
40,265,0.1005736514925956,2.5814054012298584,0
41,266,0.0822358876466751,2.5814054012298584,0
42,267,0.0485741235315799,3.136384963989258,0
43,268,0.0906711965799331,3.1211273670196533,0
44,269,0.0232551004737615,3.1211273670196533,0
45,270,0.0347881056368351,2.427367687225342,0
46,271,0.0275997705757617,2.427367687225342,0
47,272,0.0281204413622617,2.427367687225342,0
48,273,0.02460677921772,2.661099433898926,0
49,274,0.0158820804208517,2.661099433898926,0
50,275,0.0582650303840637,2.661099433898926,0
51,276,0.07880300283432,2.6312527656555176,0
52,277,0.0470224879682064,2.6455600261688232,0
53,278,0.0720866993069648,2.6455600261688232,0
54,279,0.0657725781202316,2.548816204071045,0
55,280,0.0096376398578286,2.548816204071045,0
56,281,0.0131332920864224,2.548816204071045,0
57,282,0.0242735184729099,2.889522790908813,0
58,283,0.0307449735701084,2.889522790908813,0
59,284,0.0311978496611118,2.4230144023895264,0
60,285,0.0125289019197225,2.390596389770508,0
61,286,0.0496096648275852,2.960031270980835,0
62,287,0.014955666847527,2.960031270980835,0
63,288,0.1183300092816352,2.960031270980835,0
64,289,0.0209503695368766,3.4449329376220703,0
65,290,0.0958006829023361,3.515716552734375,0
66,291,0.0225534364581108,3.8018410205841056,0
67,292,0.0198103412985801,3.7978591918945312,0
68,293,0.0431220903992652,3.76166296005249,0
69,294,0.0214114617556333,3.76166296005249,0
70,295,0.0669480934739112,3.613004684448242,0
71,296,0.0308976210653781,3.7132301330566406,0
72,297,0.0519526116549968,3.832554817199707,0
73,298,0.0073469481430947,3.832554817199707,0
74,299,0.1267013251781463,3.832554817199707,0
75,300,0.0937450677156448,2.4383645057678223,0
76,301,0.1246867775917053,2.4000244140625,0
77,302,0.0163868498057127,2.4000244140625,0
78,303,0.0712807103991508,3.20209002494812,0
79,304,0.0824078470468521,3.20209002494812,0
80,305,0.0623903945088386,3.20209002494812,0
81,306,0.0709456130862236,2.4141340255737305,0
82,307,0.0364748053252697,2.44742751121521,0
83,308,0.0409162491559982,2.44742751121521,0
84,309,0.0142961926758289,2.44742751121521,0
85,310,0.0642871186137199,2.631225347518921,0
86,311,0.1361268311738968,2.688690662384033,0
87,312,0.1000647470355033,2.688690662384033,0
88,313,0.1096158847212791,2.2671961784362797,0
89,314,0.0658662095665931,2.2671961784362797,0
90,315,0.0966790691018104,2.254412651062012,0
91,316,0.0601700916886329,2.254412651062012,0
92,317,0.0824006795883178,2.254412651062012,0
93,318,0.0229825228452682,2.988084316253662,0
94,319,0.0510817132890224,2.988084316253662,0
95,320,0.005716404877603,2.988084316253662,0
96,321,0.1064885109663009,2.048184633255005,0
97,322,0.0540725477039814,2.02523136138916,0
98,323,0.1059916540980339,2.048184633255005,0
99,324,0.081791266798973,3.1737303733825684,0
100,325,0.0460638478398323,3.1737303733825684,0
101,326,0.0614720955491066,2.75885272026062,0
102,327,0.0280333459377288,2.75885272026062,0
103,328,0.0262117274105548,4.386018753051758,0
104,329,0.0092772589996457,4.431187152862549,0
105,330,0.0128027107566595,4.431187152862549,0
106,331,0.0042583500035107,5.665083408355713,0
107,332,0.0240876972675323,5.665083408355713,0
108,333,0.0104779237881302,5.675206661224365,0
109,334,0.0355428531765937,5.594910621643066,0
110,335,0.094214841723442,5.3130950927734375,0
111,336,0.0250833351165056,5.373201370239258,0
112,337,0.0194414891302585,5.774403095245361,0
113,338,0.0133241778239607,5.774403095245361,0
114,339,0.0067402725107967,5.774403095245361,0
115,340,0.0071948054246604,5.774403095245361,0
116,341,0.0192064084112644,5.606510162353516,0
117,342,0.001813648501411,5.621876239776611,0
118,343,0.0071227033622562,5.296260356903076,0
119,344,0.0153869986534118,5.233320713043213,0
120,345,0.0780205279588699,5.233320713043213,0
121,346,0.0087564382702112,5.699763298034668,0
122,347,0.0911240354180336,5.680931568145752,0
123,348,0.0348729602992534,3.1403510570526123,0
124,349,0.0814691111445427,3.1628050804138184,0
125,350,0.0115468278527259,3.1628050804138184,0
126,351,0.1629425585269928,3.081071138381958,0
127,352,0.0271440390497446,3.147665977478028,0
128,353,0.0853892564773559,3.147665977478028,0
129,354,0.0147441932931542,2.3904471397399902,0
130,355,0.256007581949234,2.3904471397399902,0
131,356,0.0331362709403038,2.3904471397399902,0
132,357,0.2131533324718475,2.8718292713165283,0
133,358,0.0517601482570171,2.8718292713165283,0
134,359,0.0924070179462432,2.8718292713165283,0
135,360,0.0280973184853792,2.8718292713165283,0
136,361,0.1031392738223075,2.5757322311401367,0
137,362,0.093400627374649,2.576555728912353,0
138,363,0.0107947988435626,2.576555728912353,0
139,364,0.1443601846694946,3.147585153579712,0
140,365,0.0876290947198867,3.170088529586792,0
141,366,0.312651664018631,2.2298216819763184,0
142,367,0.2855947911739349,2.2298216819763184,0
143,368,0.666553795337677,2.78800630569458,0
144,369,0.2111577689647674,2.761164426803589,0
145,370,0.0731193646788597,2.761164426803589,0
146,371,0.2132543921470642,2.614219903945923,0
147,372,0.0776650980114936,2.5799388885498047,0
148,373,0.2491390407085418,2.33300256729126,0
149,374,0.0361830405890941,2.3487298488616943,0
150,375,0.2649954259395599,2.4439501762390137,0
151,376,0.1071397140622139,2.4439501762390137,0
152,377,0.6723104119300842,2.4439501762390137,0
153,378,0.2695930898189544,2.308255672454834,0
154,379,0.4875145852565765,2.308255672454834,0
155,380,0.1263628602027893,2.308255672454834,0
156,381,0.0245519187301397,2.542884349822998,0
157,382,0.1248432844877243,2.542884349822998,0
158,383,0.0212676879018545,2.491704225540161,0
159,384,0.0523868389427661,2.491704225540161,0
160,385,0.000372535403585,2.491704225540161,0
161,386,0.0890905857086181,2.521789789199829,0
162,387,0.0067565459758043,2.5280704498291016,0
163,388,0.1128377839922905,2.938870668411255,0
164,389,0.0344457477331161,2.938870668411255,0
165,390,0.19785076379776,2.4742507934570312,0
166,391,0.0505395866930484,2.4940991401672363,0
167,392,0.0058622169308364,2.5226054191589355,0
168,393,0.0474155247211456,3.289839744567871,0
169,394,0.0125272236764431,3.3149831295013428,0
170,395,0.0307973492890596,3.3149831295013428,0
171,396,0.0026646701153367,3.241406202316284,0
172,397,0.0531493872404098,3.241406202316284,0
173,398,0.0080624902620911,3.241406202316284,0
174,399,0.0935932770371437,3.526563167572021,0
175,400,0.0100762983784079,3.526563167572021,0
176,401,0.0604745298624038,3.526563167572021,0
177,402,0.0295200981199741,2.309913396835327,0
178,403,0.0145563809201121,2.309913396835327,0
179,404,0.0081245396286249,2.309913396835327,0
180,405,0.0049106352962553,5.479646682739258,0
181,406,0.0117575107142329,5.466462135314941,0
182,407,0.0044504492543637,5.2562103271484375,0
183,408,0.0058295372873544,5.341516017913818,0
184,409,0.0215764269232749,5.341516017913818,0
185,410,0.0206016656011343,5.083580493927002,0
186,411,0.0262003913521766,5.045042037963867,0
187,412,0.0240346547216177,4.995105743408203,0
188,413,0.0103353271260857,4.995105743408203,0
189,414,0.00806266348809,4.817037105560303,0
190,415,0.0079899169504642,4.817037105560303,0
191,416,0.011004657484591,4.9099650382995605,0
192,417,0.0119602642953395,4.982724189758301,0
193,418,0.0061302152462303,4.982724189758301,0
194,419,0.0122264418751001,4.97435474395752,0
195,420,0.0083083249628543,4.97435474395752,0
196,421,0.0172153823077678,4.125738143920898,0
197,422,0.0067618782632052,4.125738143920898,0
198,423,0.0203120075166225,4.125738143920898,0
199,424,0.0149048203602433,3.330119609832764,0
200,425,0.0132675915956497,3.330119609832764,0
201,426,0.0107397902756929,3.5479555130004883,0
202,427,0.0115636261180043,3.466448307037353,0
203,428,0.0305672287940979,2.677347421646118,0
204,429,0.009363037534058,2.677347421646118,0
205,430,0.0378611795604229,2.677347421646118,0
206,431,0.0140060540288686,3.3722736835479736,0
207,432,0.0243382025510072,3.3786001205444336,0
208,433,0.0556449554860591,3.3786001205444336,0
209,434,0.0480498149991035,2.5003085136413574,0
210,435,0.040095992386341,2.5003085136413574,0
211,436,0.0152997551485896,2.5003085136413574,0
212,437,0.0532382950186729,3.304553270339966,0
213,438,0.0218490734696388,3.304553270339966,0
214,439,0.0313446670770645,3.304553270339966,0
215,440,0.0486480183899402,3.304553270339966,0
216,441,0.0233918689191341,2.377016067504883,0
217,442,0.0545738115906715,2.377016067504883,0
218,443,0.0355479568243026,2.377016067504883,0
219,444,0.0386377349495887,2.2831552028656006,0
220,445,0.0419034473598003,2.285320997238159,0
221,446,0.0197748579084873,2.285320997238159,0
222,447,0.0065160295926034,2.645231246948242,0
223,448,0.0257645063102245,2.6272876262664795,0
224,449,0.032579455524683,2.0519607067108154,0
225,450,0.0332957170903682,2.065819263458252,0
226,451,0.044655691832304,3.214707851409912,0
227,452,0.0445635505020618,3.1767561435699463,0
228,453,0.0227767750620841,2.927116870880127,0
229,454,0.0260501448065042,2.943643093109131,0
230,455,0.0254071522504091,2.943643093109131,0
231,456,0.0112346513196825,2.9467077255249023,0
232,457,0.0248773992061615,2.925231456756592,0
233,458,0.0092445788905024,2.2325289249420166,0
234,459,0.0312742814421653,2.211376190185547,0
235,460,0.0023485999554395,2.211376190185547,0
236,461,0.0088391173630952,2.211376190185547,0
237,462,0.0165269281715154,2.5579051971435547,0
238,463,0.0166002325713634,2.5579051971435547,0
239,464,0.0062172533944249,2.0230929851531982,0
240,465,0.0094353090971708,2.0229384899139404,0
241,466,0.0069134999066591,2.965743064880371,0
242,467,0.0090079428628087,2.965743064880371,0
243,468,0.009439087472856,1.9976457357406616,0
244,469,0.0097931493073701,1.9885776042938232,0
245,470,0.0081660412251949,2.180731296539306,0
246,471,0.0202584210783243,2.180731296539306,0
247,472,0.0187506210058927,2.2257637977600098,0
248,473,0.0122324721887707,3.3201849460601807,0
249,474,0.0101097887381911,3.2540066242218018,0
250,475,0.0115990890190005,3.2540066242218018,0
251,476,0.0080192852765321,2.922808885574341,0
252,477,0.0098309917375445,2.895077705383301,0
253,478,0.0093010226264595,2.895077705383301,0
254,479,0.0096949860453605,2.895077705383301,0
255,480,0.0129786822944879,2.3660476207733154,0
256,481,0.0016364461043849,2.3660476207733154,0
257,482,0.0164811238646507,2.3660476207733154,0
258,483,0.0034880870953202,2.3845102787017822,0
259,484,0.0034706410951912,2.3845102787017822,0
260,485,0.0014783887891098,2.3845102787017822,0
261,486,0.0047982889227569,2.3585805892944336,0
262,487,0.0092087080702185,2.3585805892944336,0
263,488,0.0026137814857065,2.121788024902344,0
264,489,0.0081935739144682,2.077547788619995,0
265,490,0.0036444917786866,2.7706665992736816,0
266,491,0.0092071685940027,2.7706665992736816,0
267,492,0.0017513977363705,2.7706665992736816,0
268,493,0.0082170292735099,3.222855567932129,0
269,494,0.0108160190284252,3.222855567932129,0
270,495,0.004321897868067,3.222855567932129,0
271,496,0.0088626686483621,3.047865390777588,0
272,497,0.0269534680992364,3.047865390777588,0
273,498,0.020590890198946,3.047865390777588,0
274,499,0.0140677150338888,3.047865390777588,0
275,500,0.009100342169404,2.848010301589966,0
276,501,0.022707475349307,2.8372104167938232,0
277,502,0.0085151977837085,2.987631320953369,0
278,503,0.0034330559428781,3.019616842269897,0
279,504,0.0139295794069767,2.8205766677856445,0
280,505,0.0190570466220378,2.795472860336304,0
281,506,0.0160116404294967,2.634291887283325,0
282,507,0.0193415880203247,2.5861549377441406,0
283,508,0.0101530337706208,2.6986758708953857,0
284,509,0.0089114680886268,2.726225614547729,0
285,510,0.0049070385284721,2.726225614547729,0
286,511,0.0012718880316242,2.2074520587921143,0
287,512,0.0041081896051764,2.2074520587921143,0
288,513,0.0071598985232412,2.2074520587921143,0
289,514,0.0056353588588535,2.610755920410156,0
290,515,0.0157661940902471,2.610755920410156,0
291,516,0.0088268062099814,2.610755920410156,0
292,517,0.0032302762847393,2.3643479347229004,0
293,518,0.0233271922916173,2.3553504943847656,0
294,519,0.0219276510179042,2.341140031814575,0
295,520,0.0258196834474802,2.738180637359619,0
296,521,0.0211898703128099,2.7916646003723145,0
297,522,0.0667425319552421,2.7916646003723145,0
298,523,0.0418744347989559,2.696771144866944,0
299,524,0.0163561087101697,2.696771144866944,0
300,525,0.0111624477431178,2.696771144866944,0
301,526,0.0311775468289852,2.7201931476593018,0
302,527,0.0159817691892385,2.7201931476593018,0
303,528,0.030507517978549,2.328951120376587,0
304,529,0.0303701683878898,2.328951120376587,0
305,530,0.0302327927201986,2.6225502490997314,0
306,531,0.0160329155623912,2.6225502490997314,0
307,532,0.0194730143994092,2.579174280166626,0
308,533,0.0087922764942049,2.536941766738892,0
309,534,0.0246049929410219,2.536941766738892,0
310,535,0.0069125862792134,2.536941766738892,0
311,536,0.0165800414979457,1.797095537185669,0
312,537,0.0058883032761514,1.797095537185669,0
313,538,0.0199683234095573,2.518235206604004,0
314,539,0.0391610190272331,2.518235206604004,0
315,540,0.0129923094063997,2.518235206604004,0
316,541,0.0195389334112405,2.4487051963806152,0
317,542,0.0164100732654333,2.4659688472747803,0
318,543,0.0481789000332355,2.1958844661712646,0
319,544,0.0147680081427097,2.2060775756835938,0
320,545,0.0047957976348698,2.6501805782318115,0
321,546,0.0046705710701644,2.61690616607666,0
322,547,0.0237448215484619,2.0624213218688965,0
323,548,0.013392879627645,2.0213747024536133,0
324,549,0.0161068458110094,2.039193868637085,0
325,550,0.0047165462747216,1.5897002220153809,0
326,551,0.008349735289812,1.5897002220153809,0
327,552,0.0086796153336763,1.6804522275924685,0
328,553,0.022058930248022,1.6804522275924685,0
329,554,0.0128328185528516,1.6669095754623413,0
330,555,0.0232994370162487,1.6669095754623413,0
331,556,0.0073436996899545,2.203948736190796,0
332,557,0.0092086242511868,2.203948736190796,0
333,558,9.623027290217578e-05,2.203948736190796,0
334,559,0.029082253575325,2.203948736190796,0
335,560,0.0019156016642227,2.2549290657043457,0
336,561,0.0130692301318049,2.256493091583252,0
337,562,0.0027793454937636,2.256493091583252,0
338,563,0.016272909939289,3.4542126655578613,0
339,564,0.00657610129565,3.520446538925171,0
340,565,0.0280760303139686,2.150390386581421,0
341,566,0.0146052585914731,2.150390386581421,0
342,567,0.0150635857135057,2.150390386581421,0
343,568,0.0235468130558729,3.096393346786499,0
344,569,0.0158569738268852,3.102593183517456,0
345,570,0.0126846525818109,3.102593183517456,0
346,571,0.0263950992375612,2.4980599880218506,0
347,572,0.0102789402008056,2.4980599880218506,0
348,573,0.020413689315319,2.4980599880218506,0
349,574,0.0075087994337081,3.016175508499145,0
350,575,0.0690370127558708,3.016175508499145,0
351,576,0.0101813878864049,2.857418775558472,0
352,577,0.0396114140748977,2.770766496658325,0
353,578,0.0080249542370438,2.8283302783966064,0
354,579,0.0249260738492012,2.910021543502808,0
355,580,0.0219146814197301,2.936392307281494,0
356,581,0.0349201709032058,2.936392307281494,0
357,582,0.021714674308896,2.883280038833618,0
358,583,0.0107109444215893,2.8748581409454346,0
359,584,0.0160553455352783,2.950009346008301,0
360,585,0.0065808207727968,2.9750125408172607,0
361,586,0.0184687804430723,2.7497129440307617,0
362,587,0.0118194948881864,2.7307071685791016,0
363,588,0.0191149171441793,2.7351810932159424,0
364,589,0.0153138134628534,2.7351810932159424,0
365,590,0.0209777057170867,2.7351810932159424,0
366,591,0.0100372564047575,2.7351810932159424,0
367,592,0.0398962795734405,1.6083816289901731,0
368,593,0.0175095628947019,1.6083816289901731,0
369,594,0.010240432806313,1.6083816289901731,0
370,595,0.0468534789979457,1.7581863403320312,0
371,596,0.0165628623217344,1.7426797151565552,0
372,597,0.0325105600059032,2.371116399765014,0
373,598,0.0168145187199115,2.371116399765014,0
374,599,0.0422563254833221,2.371116399765014,0
375,600,0.0161536168307065,2.9805567264556885,0
376,601,0.0908930599689483,3.000640392303467,0
377,602,0.0168520268052816,3.000640392303467,0
378,603,0.0426729992032051,2.036376714706421,0
379,604,0.0307997502386569,2.030630826950073,0
380,605,0.0230082180351018,2.030630826950073,0
381,606,0.0192794185131788,2.613987922668457,0
382,607,0.0408243238925933,2.613987922668457,0
383,608,0.029346453025937,1.8837934732437132,0
384,609,0.0800731852650642,1.861862301826477,0
385,610,0.0343576148152351,1.861862301826477,0
386,611,0.0867204889655113,1.861862301826477,0
387,612,0.0634766817092895,1.693729043006897,0
388,613,0.0446959622204303,1.685073733329773,0
389,614,0.0254183541983366,1.685073733329773,0
390,615,0.1116734445095062,2.371568202972412,0
391,616,0.0173723343759775,2.384865522384644,0
392,617,0.0827270597219467,2.371568202972412,0
393,618,0.021859060972929,2.052057266235352,0
394,619,0.076927326619625,2.052057266235352,0
395,620,0.0302649904042482,2.052057266235352,0
396,621,0.0511740818619728,2.0716240406036377,0
397,622,0.045630719512701,1.5202453136444092,0
398,623,0.0329757295548915,1.5202453136444092,0
399,624,0.0128607675433158,1.5202453136444092,0
400,625,0.0218284353613853,1.5202453136444092,0
401,626,0.0441302023828029,1.698606252670288,0
402,627,0.0385163538157939,1.698606252670288,0
403,628,0.0737369880080223,1.698606252670288,0
404,629,0.0034220165107399,1.698606252670288,0
405,630,0.1152216643095016,2.6811373233795166,0
406,631,0.0142500130459666,2.6811373233795166,0
407,632,0.0804712995886802,2.7044827938079834,0
408,633,0.0322775393724441,2.641460657119751,0
409,634,0.1785512417554855,2.641460657119751,0
410,635,0.0446641743183136,2.641460657119751,0
411,636,0.0482626371085643,2.150963068008423,0
412,637,0.0516484603285789,2.150963068008423,0
413,638,0.0173408444970846,2.150963068008423,0
414,639,0.0768073424696922,2.356005907058716,0
415,640,0.0061664469540119,2.356005907058716,0
416,641,0.1004927903413772,2.879356384277344,0
417,642,0.0159389115869998,2.834315538406372,0
418,643,0.0735375955700874,2.834315538406372,0
419,644,0.056819848716259,2.6929070949554443,0
420,645,0.0911478474736213,2.708003044128418,0
421,646,0.0177911352366209,2.7163655757904053,0
422,647,0.0526297278702259,2.708003044128418,0
423,648,0.0438926815986633,3.825971126556397,0
424,649,0.036306582391262,3.7994213104248047,0
425,650,0.0419369526207447,3.7994213104248047,0
426,651,0.0265629477798938,2.3906455039978027,0
427,652,0.1161867380142211,2.3906455039978027,0
428,653,0.037091925740242,2.3906455039978027,0
429,654,0.0854082182049751,2.4639432430267334,0
430,655,0.0723742023110389,2.4660427570343018,0
431,656,0.0735158398747444,2.4660427570343018,0
432,657,0.1307847052812576,1.69797682762146,0
433,658,0.1007858291268348,1.69797682762146,0
434,659,0.1146690100431442,2.6455652713775635,0
435,660,0.0840354263782501,2.6455652713775635,0
436,661,0.1274560242891311,2.7826292514801025,0
437,662,0.0297394674271345,2.7826292514801025,0
438,663,0.1381174921989441,2.093867301940918,0
439,664,0.0631006360054016,2.093867301940918,0
440,665,0.0553369484841823,1.8313764333724976,0
441,666,0.1153228804469108,1.8281325101852417,0
442,667,0.0699576884508133,1.8313764333724976,0
443,668,0.1038456782698631,2.177588701248169,0
444,669,0.0557692572474479,2.1602489948272705,0
445,670,0.1860474497079849,2.1602489948272705,0
446,671,0.0427497066557407,2.050882577896118,0
447,672,0.0855509266257286,2.050882577896118,0
448,673,0.0465288683772087,2.0415830612182617,0
449,674,0.0262140873819589,2.027637720108032,0
450,675,0.0741939321160316,2.027637720108032,0
451,676,0.0406054034829139,2.027637720108032,0
452,677,0.0368289873003959,1.9299029111862185,0
453,678,0.0600809529423713,1.9299029111862185,0
454,679,0.0806008726358413,1.9299029111862185,0
455,680,0.0454917252063751,2.9422826766967773,0
456,681,0.0540099963545799,2.9422826766967773,0
457,682,0.0143795711919665,2.9422826766967773,0
458,683,0.0523543618619442,2.502361297607422,0
459,684,0.0417231805622577,2.4900941848754883,0
460,685,0.0353222340345382,2.222515106201172,0
461,686,0.0501197539269924,2.222515106201172,0
462,687,0.0235021170228719,2.222515106201172,0
463,688,0.0090394979342818,2.866691827774048,0
464,689,0.0288355220109224,2.866691827774048,0
465,690,0.0381701737642288,2.866691827774048,0
466,691,0.0169982798397541,2.425036668777466,0
467,692,0.0208635311573743,2.425036668777466,0
468,693,0.0181109700351953,1.8471862077713013,0
469,694,0.0118263885378837,1.8471862077713013,0
470,695,0.014875610359013,1.8471862077713013,0
471,696,0.0192583855241537,1.8959934711456297,0
472,697,0.0462462976574897,1.943925380706787,0
473,698,0.0335379987955093,2.049062490463257,0
474,699,0.0355541370809078,2.049062490463257,0
475,700,0.0320531539618968,2.049062490463257,0
476,701,0.0166979189962148,2.503941059112549,0
477,702,0.0111053679138422,2.288604974746704,0
478,703,0.008199980482459,2.3121612071990967,0
479,704,0.0179592538625001,2.3121612071990967,0
480,705,0.011634306050837,2.5924596786499023,0
481,706,0.0094799315556883,2.5924596786499023,0
482,707,0.0087000047788023,1.85234534740448,0
483,708,0.0067808232270181,1.85234534740448,0
484,709,0.0138126695528626,1.85234534740448,0
485,710,0.0052715186029672,2.863645553588867,0
486,711,0.0070972037501633,2.849640130996704,0
487,712,0.009533473290503,2.849640130996704,0
488,713,0.0049277711659669,1.9597636461257932,0
489,714,0.0120678087696433,1.9741495847702024,0
490,715,0.0112831676378846,1.9741495847702024,0
491,716,0.0037353520747274,1.8340649604797363,0
492,717,0.0038343076594173,1.8340649604797363,0
493,718,0.0026318763848394,1.7693257331848145,0
494,719,0.0063462923280894,1.7693257331848145,0
495,720,0.0033211011905223,1.7444243431091309,0
496,721,0.0024944050237536,1.726709485054016,0
497,722,0.0042343097738921,1.726709485054016,0
498,723,0.001593294669874,1.7705914974212646,0
499,724,0.0022604309488087,1.7693278789520264,0
500,725,0.0033496557734906,1.7693278789520264,0
501,726,0.0068744434975087,2.467625141143799,0
502,727,0.0048201452009379,2.467625141143799,0
503,728,0.0030346203129738,2.467625141143799,0
504,729,0.001541284378618,2.394110918045044,0
505,730,0.0026784129440784,2.394110918045044,0
506,731,0.0023899411316961,2.394110918045044,0
507,732,0.0049108928069472,2.57316255569458,0
508,733,0.0022316758986562,2.566784143447876,0
509,734,0.0173242837190628,2.566784143447876,0
510,735,0.0026429542340338,3.630841016769409,0
511,736,0.0127282217144966,3.659085988998413,0
512,737,0.0040459265001118,3.637103796005249,0
513,738,0.0088854320347309,5.346274375915527,0
514,739,0.002558322623372,5.362642765045166,0
515,740,0.0017553542274981,5.261442184448242,0
516,741,0.0009847129695117,5.261442184448242,0
517,742,0.0129360873252153,5.110321521759033,0
518,743,0.0010863345814868,5.089694499969482,0
519,744,0.0019179168157279,5.2157182693481445,0
520,745,0.0021736854687333,5.2157182693481445,0
521,746,0.0051559465937316,5.2157182693481445,0
522,747,0.0021930586080998,5.215503215789795,0
523,748,0.0007139365770854,5.215503215789795,0
524,749,0.0023456285707652,5.177450656890869,0
525,750,0.0024267882108688,5.1728196144104,0
526,751,0.0034596973564475,5.1728196144104,0
527,752,0.0016045708907768,5.488109588623047,0
528,753,0.0115158734843134,5.477174282073975,0
529,754,0.001798411947675,5.542482376098633,0
530,755,0.0034670124296098,1.7705659866333008,0
531,756,0.0007392371771857,1.7631040811538696,0
532,757,0.0084403781220316,2.7372794151306152,0
533,758,0.0056966501288115,2.7372794151306152,0
534,759,0.0329835154116153,2.545790672302246,0
535,760,0.00434231152758,2.545790672302246,0
536,761,0.0089488429948687,2.545790672302246,0
537,762,0.0092825246974825,2.0654492378234863,0
538,763,0.0022265862207859,2.047386646270752,0
539,764,0.0093948245048522,1.976281762123108,0
540,765,0.0018438026309013,1.919649124145508,0
541,766,0.003928028512746,1.976885199546814,0
542,767,0.0033798036165535,1.868810057640076,0
543,768,0.0074903913773596,1.868810057640076,0
544,769,0.0015661644283682,1.8657845258712769,0
545,770,0.0096123283728957,1.8657845258712769,0
546,771,0.0024134863633662,2.134450674057007,0
547,772,0.0052616163156926,2.1337244510650635,0
548,773,0.0016305727185681,2.1337244510650635,0
549,774,0.0056887501850724,2.7374753952026367,0
550,775,0.0017623163294047,2.7417356967926025,0
551,776,0.0009557497687637,2.7417356967926025,0
552,777,0.0015325549757108,2.9641788005828857,0
553,778,0.0011206297203898,2.9641788005828857,0
554,779,0.0033298057969659,2.893512010574341,0
555,780,0.000974858412519,2.8420848846435547,0
556,781,0.0007667979807592,1.947252988815308,0
557,782,0.00269421399571,1.9354840517044067,0
558,783,0.002008065348491,1.8118847608566284,0
559,784,0.0015633392613381,1.8445290327072144,0
560,785,0.0019056877354159,1.8445290327072144,0
561,786,0.0021456354297697,1.8683172464370728,0
562,787,0.0027739186771214,1.8821238279342647,0
563,788,0.0016172112664207,1.9961814880371092,0
564,789,0.0026174823287874,1.9961814880371092,0
565,790,0.0054657426662743,1.9961814880371092,0
566,791,0.0058917365968227,2.8446569442749023,0
567,792,0.0043231318704783,2.846646785736084,0
568,793,0.0024717485066503,2.0200188159942627,0
569,794,0.004679440986365,2.0200188159942627,0
570,795,0.0078507838770747,2.768707513809204,0
571,796,0.0087554603815078,2.753129005432129,0
572,797,0.0067703397944569,2.753129005432129,0
573,798,0.0051847961731255,2.5058043003082275,0
574,799,0.0108619527891278,2.4982190132141118,0
575,800,0.0316260755062103,2.058720588684082,0
576,801,0.0059505999088287,2.091266632080078,0
577,802,0.0295929498970508,1.72321617603302,0
578,803,0.0036377650685608,1.6957762241363523,0
579,804,0.0635135248303413,1.6957762241363523,0
580,805,0.0072989976033568,1.6699243783950806,0
581,806,0.0706396475434303,2.2130844593048096,0
582,807,0.0166962426155805,2.2130844593048096,0
583,808,0.0795960798859596,2.02337646484375,0
584,809,0.0386503189802169,2.02337646484375,0
585,810,0.0644343569874763,2.02337646484375,0
586,811,0.0436169393360614,2.02337646484375,0
587,812,0.0739969834685325,2.492450714111328,0
588,813,0.0279634930193424,2.492450714111328,0
589,814,0.0667745321989059,2.040879249572754,0
590,815,0.0539769418537616,2.040879249572754,0
591,816,0.0254955496639013,2.040879249572754,0
592,817,0.0634370222687721,2.224020481109619,0
593,818,0.011577914468944,2.258218050003052,0
594,819,0.0367043055593967,2.025973320007324,0
595,820,0.0205938108265399,2.0124611854553223,0
596,821,0.0831480324268341,2.105351448059082,0
597,822,0.0350666083395481,2.090283155441284,0
598,823,0.1225398182868957,2.1262168884277344,0
599,824,0.0513550490140914,2.0136148929595947,0
600,825,0.1431300789117813,1.9967546463012693,0
601,826,0.1141454204916954,1.9967546463012693,0
602,827,0.0483253672719001,1.9641116857528689,0
603,828,0.0867330506443977,1.976315259933472,0
604,829,0.0649706497788429,2.2830395698547363,0
605,830,0.0542910136282444,2.2830395698547363,0
606,831,0.0214188788086175,2.2723264694213867,0
607,832,0.0620039030909538,1.6306490898132324,0
608,833,0.0900999307632446,1.6306490898132324,0
609,834,0.0591991506516933,1.895579218864441,0
610,835,0.0478245578706264,1.9112207889556885,0
611,836,0.0089679826050996,2.6711788177490234,0
612,837,0.0691183730959892,2.6711788177490234,0
613,838,0.0126588055863976,2.45388412475586,0
614,839,0.0268215034157037,2.455148220062256,0
615,840,0.0235100071877241,1.6737970113754272,0
616,841,0.0401362888514995,1.6737970113754272,0
617,842,0.0211237203329801,2.7384698390960693,0
618,843,0.0266322065144777,2.7583744525909424,0
619,844,0.0258245840668678,2.7583744525909424,0
620,845,0.0180851202458143,2.8030896186828613,0
621,846,0.0679626911878585,2.8273684978485107,0
622,847,0.014248302206397,2.8273684978485107,0
623,848,0.0556952133774757,3.329862594604492,0
624,849,0.0077098859474062,3.337585210800171,0
625,850,0.0688676461577415,3.337585210800171,0
626,851,0.0052409758791327,2.3873367309570312,0
627,852,0.006471908185631,2.3873367309570312,0
628,853,0.0276522785425186,2.3873367309570312,0
629,854,0.0261122677475214,2.2428152561187744,0
630,855,0.0168641284108161,2.2428152561187744,0
631,856,0.0246827472001314,2.2428152561187744,0
632,857,0.0399396270513534,1.5342764854431152,0
633,858,0.0082897841930389,1.544156551361084,0
634,859,0.0873411372303962,1.544156551361084,0
635,860,0.008086553774774,2.00238299369812,0
636,861,0.0415258929133415,2.00238299369812,0
637,862,0.0215378403663635,2.2161715030670166,0
638,863,0.0203779600560665,2.210451126098633,0
639,864,0.0333027765154838,2.210451126098633,0
640,865,0.0125272944569587,1.7890187501907349,0
641,866,0.0222221091389656,1.8055373430252075,0
642,867,0.0275362711399793,1.7887179851531982,0
643,868,0.0210377685725688,2.797001361846924,0
644,869,0.0109382420778274,2.7887990474700928,0
645,870,0.0296694990247488,3.157419204711914,0
646,871,0.015365875326097,3.157419204711914,0
647,872,0.0363337136805057,2.696579694747925,0
648,873,0.0107929483056068,2.696579694747925,0
649,874,0.0305612459778785,2.7874741554260254,0
650,875,0.0135199595242738,2.7874741554260254,0
651,876,0.0256162770092487,2.918654441833496,0
652,877,0.0247172731906175,2.8978610038757324,0
653,878,0.0276282019913196,2.813171863555908,0
654,879,0.0235182829201221,2.8289337158203125,0
655,880,0.0301321763545274,3.3729825019836426,0
656,881,0.0218552593141794,3.3630707263946533,0
657,882,0.0156825073063373,3.599559783935547,0
658,883,0.0198596753180027,3.599559783935547,0
659,884,0.0170402787625789,4.615717887878418,0
660,885,0.0191824547946453,4.657945156097412,0
661,886,0.0652461647987365,4.672072887420654,0
662,887,0.0291523393243551,4.951789855957031,0
663,888,0.0232924856245517,4.951789855957031,0
664,889,0.0290260761976242,4.951789855957031,0
665,890,0.0460258610546588,5.3850417137146,0
666,891,0.0203895065933465,5.341622352600098,0
667,892,0.0239335112273693,5.341622352600098,0
668,893,0.014163970015943,5.341622352600098,0
669,894,0.0244142692536115,5.311446666717529,0
670,895,0.0101380320265889,5.237995624542236,0
671,896,0.0075561725534498,5.255614757537842,0
672,897,0.0132466927170753,5.178140163421631,0
673,898,0.0133618200197815,5.18560266494751,0
674,899,0.0122105190530419,5.18560266494751,0
675,900,0.0090004773810505,5.074828147888184,0
676,901,0.0074221789836883,5.074828147888184,0
677,902,0.0155578255653381,4.993757247924805,0
678,903,0.0263923965394496,4.993757247924805,0
679,904,0.0117880972102284,4.979349136352539,0
680,905,0.0092998798936605,5.274997234344482,0
681,906,0.0113633591681718,5.280488014221191,0
682,907,0.0043294476345181,5.280488014221191,0
683,908,0.0664352178573608,2.720160722732544,0
684,909,0.0024380860850214,2.7425084114074707,0
685,910,0.0760379508137703,0.6459318995475769,0
686,911,0.0039412477053701,0.640386164188385,0
687,912,0.0192203521728515,0.99849671125412,0
688,913,0.0044132731854915,1.0063834190368652,0
689,914,0.009552476927638,0.9522942900657654,0
690,915,0.0052321748808026,0.9522942900657654,0
691,916,0.0005260836333036,0.5977274179458618,0
692,917,0.0171566531062126,0.5977274179458618,0
693,918,0.0008319732150994,0.5977274179458618,0
694,919,0.021355440840125,1.026716709136963,0
695,920,0.0006765513098798,1.0546308755874634,0
696,921,0.0607357881963253,1.1882435083389282,0
697,922,0.0006913190591149,1.1882435083389282,0
698,923,0.0237343665212392,1.4423636198043823,0
699,924,0.0311740823090076,1.4538518190383911,0
700,925,0.0331354364752769,1.4133538007736206,0
701,926,0.0009420998394489,1.427275776863098,0
702,927,0.0017156364629045,1.3472981452941897,0
703,928,0.0150606343522667,1.337507247924805,0
704,929,0.0171221923083066,1.356436252593994,0
705,930,0.0064793126657605,1.356436252593994,0
706,931,0.0236665159463882,1.356436252593994,0
707,932,0.1168097481131553,1.356436252593994,0
708,933,0.0452805235981941,1.7431323528289795,0
709,934,0.0574849396944046,1.7227243185043335,0
710,935,0.1939433813095092,1.7227243185043335,0
711,936,0.048419177532196,1.742176175117493,0
712,937,0.1302420943975448,1.742176175117493,0
713,938,0.0023935446515679,1.742176175117493,1
714,1657,0.1062083840370178,3.162867307662964,0
715,1658,0.1880378127098083,3.1810481548309326,0
716,1659,0.1214345842599868,3.1810481548309326,0
717,1660,0.1788133978843689,3.1810481548309326,0
718,1661,0.1158150285482406,3.1612231731414795,0
719,1662,0.3705213665962219,3.1612231731414795,0
720,1663,0.1249059736728668,3.1612231731414795,0
721,1664,0.3264293074607849,3.2418365478515625,0
722,1665,0.1482576131820678,3.2418365478515625,0
723,1666,0.2006299048662185,3.2418365478515625,0
724,1667,0.0984170585870742,3.2418365478515625,0
725,1668,0.3804421722888946,3.140377998352051,0
726,1669,0.2149794548749923,3.140377998352051,0
727,1670,0.1450547724962234,3.140377998352051,0
728,1671,0.1846071481704712,3.129402637481689,0
729,1672,0.2132592648267746,3.129402637481689,0
730,1673,0.223208799958229,3.129402637481689,0
731,1674,0.2013473659753799,3.165006637573242,0
732,1675,0.1310613751411438,3.165006637573242,0
733,1676,0.2041201889514923,3.165006637573242,0
734,1677,0.1149302870035171,3.2907934188842773,0
735,1678,0.2072278708219528,3.2907934188842773,0
736,1679,0.1301205903291702,3.2907934188842773,0
737,1680,0.1422474682331085,3.354966163635254,0
738,1681,0.0575632750988006,3.354966163635254,0
739,1682,0.1708263009786605,3.3324475288391118,0
740,1683,0.0861707106232643,3.3324475288391118,0
741,1684,0.1920253485441208,3.3324475288391118,0
742,1685,0.1147797703742981,3.2813732624053955,0
743,1686,0.2270758152008056,3.2813732624053955,0
744,1687,0.2031876593828201,3.3275146484375,0
745,1688,0.1985135376453399,3.3275146484375,0
746,1689,0.2811202704906463,3.263577699661255,0
747,1690,0.2422064244747162,3.263577699661255,0
748,1691,0.2042108476161956,3.263577699661255,0
749,1692,0.0858695954084396,3.35112738609314,0
750,1693,0.223231703042984,3.2541518211364746,0
751,1694,0.1420852243900299,3.2541518211364746,0
752,1695,0.193686157464981,3.2541518211364746,0
753,1696,0.1527361869812011,3.1524524688720703,0
754,1697,0.4516908824443817,3.1524524688720703,0
755,1698,0.2876178026199341,3.579342603683472,0
756,1699,0.3369764983654022,3.579342603683472,0
757,1700,0.2779993712902069,3.534086942672729,0
758,1701,0.3020373284816742,3.534086942672729,0
759,1702,0.2365630865097046,3.502046823501587,0
760,1703,0.0896168500185012,3.502046823501587,0
761,1704,0.2756361067295074,3.502046823501587,0
762,1705,0.1410727202892303,3.545750379562378,0
763,1706,0.3502099215984344,3.5534114837646484,0
764,1707,0.107110247015953,3.5534114837646484,0
765,1708,0.4207364618778229,3.587404251098633,0
766,1709,0.312060683965683,3.587404251098633,0
767,1710,0.5887321829795837,3.587404251098633,0
768,1711,0.2757268846035003,3.49353551864624,0
769,1712,0.36154904961586,3.49353551864624,0
770,1713,0.2655172348022461,3.49353551864624,0
771,1714,0.7512263655662537,3.4916088581085205,0
772,1715,0.3769058287143707,3.4916088581085205,0
773,1716,0.4634791612625122,3.4916088581085205,0
774,1717,0.6183434128761292,3.220988273620605,0
775,1718,0.9496302008628844,3.220988273620605,0
776,1719,0.6229784488677979,3.220988273620605,0
777,1720,0.8033514022827148,3.095569610595703,0
778,1721,0.8394618034362793,3.095569610595703,0
779,1722,0.900729238986969,3.095569610595703,0
780,1723,0.7746224403381348,3.1876354217529297,0
781,1724,0.5617530941963196,3.1876354217529297,0
782,1725,0.6192572712898254,3.1762502193450928,0
783,1726,0.75881028175354,3.1762502193450928,0
784,1727,0.5555111765861511,3.1762502193450928,0
785,1728,0.63897305727005,3.0996649265289307,0
786,1729,0.729145884513855,3.0996649265289307,0
787,1730,0.8756107687950134,3.1952574253082275,0
788,1731,1.0286173820495603,3.1952574253082275,0
789,1732,0.6583982706069946,3.4637320041656494,0
790,1733,0.9518840312957764,3.4637320041656494,0
791,1734,0.4137741029262543,3.634449243545532,0
792,1735,0.4933187067508697,3.634449243545532,0
793,1736,0.3909432590007782,3.728199243545532,0
794,1737,0.6313478350639343,3.728199243545532,0
795,1738,0.36670783162117,3.8247554302215576,0
796,1739,0.6879494190216064,3.8247554302215576,0
797,1740,0.525396466255188,3.7941720485687256,0
798,1741,0.588738203048706,3.7941720485687256,0
799,1742,0.5990161895751953,1.809279203414917,0
800,1743,0.600927472114563,1.809279203414917,0
801,1744,0.4654881358146667,1.809279203414917,0
802,1745,0.4218344092369079,2.1463465690612797,0
803,1746,0.4985572695732116,2.1463465690612797,0
804,1747,0.5467228293418884,2.1463465690612797,0
805,1748,0.3675507605075836,2.1463465690612797,0
806,1749,0.4363917112350464,2.0665500164031982,0
807,1750,0.3568407297134399,2.071748971939087,0
808,1751,0.5927873253822327,2.071748971939087,0
809,1752,0.3290414214134216,2.071748971939087,0
810,1753,0.3784177005290985,2.3117456436157227,0
811,1754,0.4997220635414123,2.3117456436157227,0
812,1755,0.5626603960990906,2.3117456436157227,0
813,1756,0.6178194880485535,2.3117456436157227,0
814,1757,0.4936318397521972,2.1349761486053467,0
815,1758,0.6479780673980713,2.1349761486053467,0
816,1759,0.6091907024383545,2.1349761486053467,0
817,1760,0.3336068987846374,2.20911192893982,0
818,1761,0.4999997019767761,2.20911192893982,0
819,1762,0.5312832593917847,2.20911192893982,0
820,1763,0.474552571773529,2.5592756271362305,0
821,1764,0.604255199432373,2.559451103210449,0
822,1765,0.3860970139503479,2.559451103210449,0
823,1766,0.5747582316398621,2.5569851398468018,0
824,1767,0.3089982569217682,2.5569851398468018,0
825,1768,0.3428712487220764,2.5938162803649902,0
826,1769,0.3256882131099701,2.598921060562134,0
827,1770,0.2549693286418915,2.5054268836975098,0
828,1771,0.1707129031419754,2.5054268836975098,0
829,1772,0.2143344134092331,2.5131547451019287,0
830,1773,0.3197530508041382,2.525416374206543,0
831,1774,0.3418178260326385,2.488062620162964,0
832,1775,0.2716484069824219,2.488062620162964,0
833,1776,0.2396822720766067,2.4604480266571045,0
834,1777,0.3122236132621765,2.456325054168701,0
835,1778,0.2982725501060486,2.4416184425354004,0
836,1779,0.1562009900808334,2.4416184425354004,0
837,1780,0.3212162852287292,2.4618899822235107,0
838,1781,0.2848019897937774,2.4618899822235107,0
839,1782,0.2210037559270858,2.5541040897369385,0
840,1783,0.2730644047260284,2.5541040897369385,0
841,1784,0.3622130751609802,2.5541040897369385,0
842,1785,0.2778200805187225,2.027984142303467,0
843,1786,0.2841481864452362,2.032005071640014,0
844,1787,0.3711684048175812,2.032005071640014,0
845,1788,0.2138211876153946,1.4135115146636963,0
846,1789,0.36052405834198,1.4135115146636963,0
847,1790,0.171186625957489,1.4135115146636963,0
848,1791,0.2101708054542541,1.5678420066833496,0
849,1792,0.1644970923662185,1.5678420066833496,0
850,1793,0.2566709816455841,1.5678420066833496,0
851,1794,0.1504359245300293,1.59342360496521,0
852,1795,0.262898325920105,1.59342360496521,0
853,1796,0.1633844375610351,1.59342360496521,0
854,1797,0.1359355300664901,1.5214600563049316,0
855,1798,0.1902313083410263,1.5214600563049316,0
856,1799,0.1886235624551773,1.5214600563049316,0
857,1800,0.1965594291687011,1.5214600563049316,0
858,1801,0.1768550723791122,1.5502375364303589,0
859,1802,0.1268744617700576,1.5502375364303589,0
860,1803,0.1119739040732383,1.5982986688613892,0
861,1804,0.226679727435112,1.5982986688613892,0
862,1805,0.1284985840320587,1.5982986688613892,0
863,1806,0.2367095202207565,1.5703439712524414,0
864,1807,0.2147409170866012,1.5703439712524414,0
865,1808,0.220455452799797,1.5703439712524414,0
866,1809,0.1438437104225158,1.4991140365600586,0
867,1810,0.1872467994689941,1.4991140365600586,0
868,1811,0.2168972939252853,1.4486571550369265,0
869,1812,0.2310805916786193,1.4486571550369265,0
870,1813,0.1411885619163513,1.4459881782531738,0
871,1814,0.1686093062162399,1.4459881782531738,0
872,1815,0.1870702505111694,1.444450855255127,0
873,1816,0.1414164453744888,1.444450855255127,0
874,1817,0.2244151532649994,1.437409520149231,0
875,1818,0.2847478687763214,1.437409520149231,0
876,1819,0.296254426240921,1.4170511960983276,0
877,1820,0.2435952275991439,1.4170511960983276,0
878,1821,0.2104754000902176,2.280944347381592,0
879,1822,0.2542760968208313,2.280944347381592,0
880,1823,0.1982096433639526,2.594536781311035,0
881,1824,0.1823398023843765,2.594536781311035,0
882,1825,0.1549672931432724,2.594536781311035,0
883,1826,0.1959927082061767,2.5899672508239746,0
884,1827,0.0869588851928711,2.5899672508239746,0
885,1828,0.1587090492248535,2.5899672508239746,0
886,1829,0.3145844042301178,2.7560956478118896,0
887,1830,0.2375343143939972,2.7560956478118896,0
888,1831,0.2347435802221298,2.7560956478118896,0
889,1832,0.2030468732118606,2.7500126361846924,0
890,1833,0.0713744089007377,2.7500126361846924,0
891,1834,0.3683362007141113,2.7500126361846924,0
892,1835,0.3290500938892364,2.715376615524292,0
893,1836,0.3137609958648681,2.715376615524292,0
894,1837,0.387602150440216,2.715376615524292,0
895,1838,0.1970679461956024,2.715376615524292,0
896,1839,0.2789576649665832,2.750436544418335,0
897,1840,0.3432616591453552,2.750436544418335,0
898,1841,0.4862324893474579,2.686514377593994,0
899,1842,0.3646847009658813,2.686514377593994,0
900,1843,0.339628130197525,2.686514377593994,0
901,1844,0.2648227214813232,2.612631320953369,0
902,1845,0.3774316012859344,2.612631320953369,0
903,1846,0.3388426601886749,2.612631320953369,0
904,1847,0.3290688097476959,2.588404417037964,0
905,1848,0.2977023720741272,2.588404417037964,0
906,1849,0.2447434216737747,2.9458208084106445,0
907,1850,0.3630284070968628,2.9458208084106445,0
908,1851,0.2296291589736938,2.850464105606079,0
909,1852,0.162806898355484,2.850464105606079,0
910,1853,0.152242362499237,2.832775115966797,0
911,1854,0.1900571435689926,2.832775115966797,0
912,1855,0.1363294720649719,2.832775115966797,0
913,1856,0.2374535948038101,2.696907758712769,0
914,1857,0.1895123422145843,2.696907758712769,0
915,1858,0.2614030241966247,2.724924325942993,0
916,1859,0.2268312126398086,2.724924325942993,0
917,1860,0.1249459534883499,2.6937832832336426,0
918,1861,0.1693941503763198,2.696784496307373,0
919,1862,0.2270042598247528,2.6765079498291016,0
920,1863,0.168977752327919,2.6765079498291016,0
921,1864,0.2047151029109954,3.203540563583374,0
922,1865,0.1728691607713699,3.203540563583374,0
923,1866,0.123890109360218,3.203540563583374,0
924,1867,0.2080102413892746,2.8935253620147705,0
925,1868,0.1651176661252975,2.8935253620147705,0
926,1869,0.1316375583410263,2.8935253620147705,0
927,1870,0.2033519595861435,2.8935253620147705,0
928,1871,0.1049937009811401,2.986036539077759,0
929,1872,0.2198326736688614,2.986036539077759,0
930,1873,0.1402690410614013,2.986036539077759,0
931,1874,0.2323919981718063,2.928311347961426,0
932,1875,0.205563023686409,2.928311347961426,0
933,1876,0.193395659327507,2.928311347961426,0
934,1877,0.1759514212608337,2.928311347961426,0
935,1878,0.363858163356781,2.860154151916504,0
936,1879,0.2328092008829116,2.860154151916504,0
937,1880,0.2320187240839004,2.860154151916504,0
938,1881,0.2460131347179412,2.8650355339050293,0
939,1882,0.2126447111368179,2.8650355339050293,0
940,1883,0.2846904397010803,2.8650355339050293,0
941,1884,0.3185069262981415,2.9691381454467773,0
942,1885,0.3655058443546295,2.9691381454467773,0
943,1886,0.1279345899820327,2.9470574855804443,0
944,1887,0.4146685302257538,2.9470574855804443,0
945,1888,0.3072255253791809,2.9470574855804443,0
946,1889,0.4453900456428528,2.8837833404541016,0
947,1890,0.3539414405822754,2.8837833404541016,0
948,1891,0.3309317231178283,2.918149709701538,0
949,1892,0.2218183875083923,2.911891460418701,0
950,1893,0.2476862221956253,3.3286259174346924,0
951,1894,0.168302297592163,3.3286259174346924,0
952,1895,0.403447687625885,3.3877651691436768,0
953,1896,0.2340699583292007,3.3877651691436768,0
954,1897,0.3829234540462494,3.27189302444458,0
955,1898,0.3633470237255096,3.27189302444458,0
956,1899,0.4570496082305908,3.27189302444458,0
957,1900,0.385258674621582,3.1745798587799072,0
958,1901,0.4337270259857178,3.119908094406128,0
959,1902,0.3720892667770386,3.119908094406128,0
960,1903,0.3099600374698639,0.8608667254447937,0
961,1904,0.2441951930522918,0.8608667254447937,0
962,1905,0.1969519406557083,0.8608667254447937,0
963,1906,0.3244580328464508,0.6110964417457581,0
964,1907,0.1743843555450439,0.6110964417457581,0
965,1908,0.6049543619155884,0.6110964417457581,0
966,1909,0.2115001678466797,0.5783302187919617,0
967,1910,0.3334587216377258,0.5783302187919617,0
968,1911,0.1294339597225189,0.5783302187919617,0
969,1912,0.431693285703659,0.5783302187919617,0
970,1913,0.2716174721717834,0.6180853843688965,0
971,1914,0.299168974161148,0.6180853843688965,0
972,1915,0.0826269909739494,0.6207807660102844,0
973,1916,0.3669115006923675,0.6207807660102844,0
974,1917,0.2903053760528564,0.6207807660102844,1
975,2193,0.0188703015446662,6.125051975250244,0
976,2194,0.0424596033990383,6.042104721069336,0
977,2195,0.0160923656076192,6.042104721069336,0
978,2196,0.0466362461447715,6.042104721069336,0
979,2197,0.0316988490521907,6.081172943115234,0
980,2198,0.035097487270832,6.081172943115234,0
981,2199,0.0200203582644462,5.612351894378662,0
982,2200,0.0300780571997165,5.612351894378662,0
983,2201,0.0154808312654495,5.742810726165772,0
984,2202,0.0105999764055013,5.742810726165772,0
985,2203,0.0272908043116331,5.742810726165772,0
986,2204,0.0122115490958094,5.435383796691895,0
987,2205,0.0341926328837871,5.435383796691895,0
988,2206,0.0158472545444965,5.435383796691895,0
989,2207,0.0185256302356719,5.456141948699951,0
990,2208,0.0137172220274806,5.456141948699951,0
991,2209,0.0188772305846214,5.456141948699951,0
992,2210,0.0173036362975835,5.5839152336120605,0
993,2211,0.0186642222106456,5.5839152336120605,0
994,2212,0.0132763357833027,5.5839152336120605,0
995,2213,0.0118548953905701,5.944931983947754,0
996,2214,0.0180967096239328,5.944931983947754,0
997,2215,0.0155410766601562,2.9980387687683105,0
998,2216,0.0171402674168348,2.9980387687683105,0
999,2217,0.0121140209957957,1.4246290922164917,0
1000,2218,0.020387414842844,1.4246290922164917,0
1001,2219,0.0181652214378118,1.4246290922164917,0
1002,2220,0.0276120882481336,3.5674078464508057,0
1003,2221,0.0220089256763458,3.5674078464508057,0
1004,2222,0.0247941352427005,3.5674078464508057,0
1005,2223,0.0148533573374152,3.8744518756866455,0
1006,2224,0.0188400875777006,3.8744518756866455,0
1007,2225,0.0313806682825088,1.496785283088684,0
1008,2226,0.015400861389935,1.496785283088684,0
1009,2227,0.0277665723115205,1.496785283088684,0
1010,2228,0.0219798889011144,2.016142606735229,0
1011,2229,0.0301805101335048,2.016142606735229,0
1012,2230,0.0259435418993234,2.016142606735229,0
1013,2231,0.0226400289684534,1.4839696884155271,0
1014,2232,0.0286426823586225,1.4839696884155271,0
1015,2233,0.0274734087288379,1.4839696884155271,0
1016,2234,0.0241245366632938,0.9860904812812804,0
1017,2235,0.0152639141306281,0.9860904812812804,0
1018,2236,0.0214020851999521,0.9860904812812804,0
1019,2237,0.0169720947742462,0.7401188015937805,0
1020,2238,0.0184818282723426,0.7401188015937805,0
1021,2239,0.0181666556745767,0.8681958913803101,0
1022,2240,0.0222039688378572,0.8681958913803101,0
1023,2241,0.0210298057645559,1.93916916847229,0
1024,2242,0.0219238083809614,1.93916916847229,0
1025,2243,0.016004055738449,2.0516788959503174,0
1026,2244,0.0302882064133882,2.0516788959503174,0
1027,2245,0.0174477417021989,2.0516788959503174,0
1028,2246,0.0279613509774208,1.9408777952194212,0
1029,2247,0.016955979168415,1.9408777952194212,0
1030,2248,0.01488499622792,1.9408777952194212,0
1031,2249,0.0350933447480201,3.170057535171509,0
1032,2250,0.0285437274724245,3.170057535171509,0
1033,2251,0.0354201942682266,3.2714991569519043,0
1034,2252,0.0308693572878837,3.2714991569519043,0
1035,2253,0.0496363975107669,3.027918100357056,0
1036,2254,0.0257741101086139,3.027918100357056,0
1037,2255,0.0459422320127487,3.027918100357056,0
1038,2256,0.0314200296998024,2.9289393424987797,0
1039,2257,0.0514923483133316,2.9289393424987797,0
1040,2258,0.0257535222917795,3.2795681953430176,0
1041,2259,0.0277819540351629,3.2795681953430176,0
1042,2260,0.0399615839123725,3.2795681953430176,0
1043,2261,0.0315862037241458,3.333523988723755,0
1044,2262,0.0372951701283454,3.333523988723755,0
1045,2263,0.0278952959924936,3.333523988723755,0
1046,2264,0.0452658981084823,5.667652130126953,0
1047,2265,0.058730099350214,5.667652130126953,0
1048,2266,0.0404691472649574,5.667652130126953,0
1049,2267,0.040196631103754,5.2333269119262695,0
1050,2268,0.0249431673437356,5.2333269119262695,0
1051,2269,0.0473998375236988,5.172397136688232,0
1052,2270,0.0350857079029083,5.172397136688232,0
1053,2271,0.0533978901803493,5.172397136688232,0
1054,2272,0.0248081255704164,5.1510329246521,0
1055,2273,0.066545657813549,5.1510329246521,0
1056,2274,0.0302690286189317,5.1510329246521,0
1057,2275,0.0348158478736877,5.33911657333374,0
1058,2276,0.0431147553026676,5.154468536376953,0
1059,2277,0.0279176272451877,5.154468536376953,0
1060,2278,0.0537960045039653,5.154468536376953,0
1061,2279,0.0667303502559661,5.311513423919678,0
1062,2280,0.0439760759472847,5.311513423919678,0
1063,2281,0.0359039641916751,3.871593475341797,0
1064,2282,0.0398605950176715,3.871593475341797,0
1065,2283,0.0300059132277965,3.871593475341797,0
1066,2284,0.0247066374868154,4.1690592765808105,0
1067,2285,0.0255646202713251,4.1690592765808105,0
1068,2286,0.02944609336555,3.6377341747283936,0
1069,2287,0.0416219867765903,3.6377341747283936,0
1070,2288,0.0287124346941709,3.6377341747283936,0
1071,2289,0.0294384397566318,3.276700973510742,0
1072,2290,0.0198905076831579,3.276700973510742,0
1073,2291,0.0166581459343433,3.276700973510742,0
1074,2292,0.0159546956419944,2.820966958999634,0
1075,2293,0.0219999589025974,2.820966958999634,0
1076,2294,0.0183669906109571,2.459418773651123,0
1077,2295,0.0203833989799022,2.581423044204712,0
1078,2296,0.0103276306763291,2.581423044204712,0
1079,2297,0.0253111831843853,2.581423044204712,0
1080,2298,0.0446389727294445,2.3271000385284424,0
1081,2299,0.0211735013872385,2.3271000385284424,0
1082,2300,0.021661190316081,2.2298216819763184,0
1083,2301,0.0166326500475406,2.2298216819763184,0
1084,2302,0.0268026031553745,2.2298216819763184,0
1085,2303,0.0114907165989279,2.0964035987854004,0
1086,2304,0.0247723273932933,2.0964035987854004,0
1087,2305,0.0073999129235744,2.0964035987854004,0
1088,2306,0.0235649943351745,2.194655656814575,0
1089,2307,0.0126658426597714,2.194655656814575,0
1090,2308,0.0301213692873716,3.057054281234741,0
1091,2309,0.0112759135663509,3.057054281234741,0
1092,2310,0.0236634984612464,3.057054281234741,0
1093,2311,0.0111371828243136,2.36642861366272,0
1094,2312,0.0187183246016502,2.36642861366272,0
1095,2313,0.0154901705682277,2.526618719100952,0
1096,2314,0.0198436379432678,2.526618719100952,0
1097,2315,0.0165747068822383,2.526618719100952,0
1098,2316,0.0278225801885128,2.508638858795166,0
1099,2317,0.0287326499819755,2.572122812271118,0
1100,2318,0.0121491840109229,2.572122812271118,0
1101,2319,0.025690471753478,2.572122812271118,0
1102,2320,0.0214894674718379,2.756364345550537,0
1103,2321,0.0340778455138206,2.756364345550537,0
1104,2322,0.0191997680813074,2.8730716705322266,0
1105,2323,0.0262950304895639,2.8730716705322266,0
1106,2324,0.0134240165352821,2.8730716705322266,0
1107,2325,0.0094439294189214,2.1665258407592773,0
1108,2326,0.016144398599863,2.1665258407592773,0
1109,2327,0.0128706181421875,2.1665258407592773,0
1110,2328,0.0187567193061113,2.1665258407592773,0
1111,2329,0.0104576917365193,2.452601909637451,0
1112,2330,0.0273683723062276,2.452601909637451,0
1113,2331,0.0247542019933462,2.689196348190308,0
1114,2332,0.0183127261698246,2.6951870918273926,0
1115,2333,0.0112996585667133,2.6951870918273926,0
1116,2334,0.0165270660072565,2.5045127868652344,0
1117,2335,0.0167160909622907,2.5045127868652344,0
1118,2336,0.0197987854480743,2.5656886100769043,0
1119,2337,0.0107277743518352,2.5656886100769043,0
1120,2338,0.0094710402190685,2.5656886100769043,0
1121,2339,0.0119195096194744,2.330939292907715,0
1122,2340,0.0164568852633237,2.330939292907715,0
1123,2341,0.0196387004107236,2.330939292907715,0
1124,2342,0.0288529396057128,2.718315839767456,0
1125,2343,0.0303362049162387,2.718315839767456,0
1126,2344,0.0364520773291587,2.8618388175964355,0
1127,2345,0.0344780683517456,2.8618388175964355,0
1128,2346,0.0324847064912319,2.8618388175964355,0
1129,2347,0.0194433648139238,2.423899412155152,0
1130,2348,0.0324003398418426,2.423899412155152,0
1131,2349,0.0293263625353574,2.423899412155152,0
1132,2350,0.022251084446907,2.6714026927948,0
1133,2351,0.0419315993785858,2.6714026927948,0
1134,2352,0.0290544033050537,3.4278814792633057,0
1135,2353,0.0625350475311279,3.4278814792633057,0
1136,2354,0.0389519557356834,3.4278814792633057,0
1137,2355,0.0453575104475021,4.045669555664063,0
1138,2356,0.0523083768784999,4.045669555664063,0
1139,2357,0.0547041855752468,3.1124789714813232,0
1140,2358,0.0348259285092353,3.1124789714813232,0
1141,2359,0.0326328203082084,3.791644334793091,0
1142,2360,0.0381826944649219,3.2820475101470947,0
1143,2361,0.0358134172856807,3.2820475101470947,0
1144,2362,0.0311858225613832,3.2820475101470947,0
1145,2363,0.0394336096942424,3.1635069847106934,0
1146,2364,0.0567240193486213,3.1635069847106934,0
1147,2365,0.0389447622001171,3.1635069847106934,0
1148,2366,0.0369576998054981,2.1402368545532227,0
1149,2367,0.0345336832106113,2.1402368545532227,0
1150,2368,0.0307106077671051,2.1402368545532227,0
1151,2369,0.0341501161456108,2.372373104095459,0
1152,2370,0.0151564413681626,2.372373104095459,0
1153,2371,0.0314975380897522,2.6073148250579834,0
1154,2372,0.0242724530398845,2.6073148250579834,0
1155,2373,0.0469195395708084,2.6073148250579834,0
1156,2374,0.0232685767114162,2.597032070159912,0
1157,2375,0.0470505803823471,2.597032070159912,0
1158,2376,0.0406515374779701,3.0549042224884038,0
1159,2377,0.042535588145256,3.0549042224884038,0
1160,2378,0.0454060211777687,3.0549042224884038,0
1161,2379,0.0427602790296077,2.444291830062866,0
1162,2380,0.0372193753719329,2.444291830062866,0
1163,2381,0.0143716316670179,2.444291830062866,0
1164,2382,0.0373807251453399,2.323413848876953,0
1165,2383,0.0216799359768629,2.323413848876953,0
1166,2384,0.0533056445419788,2.649143934249878,0
1167,2385,0.0200691670179367,2.649143934249878,0
1168,2386,0.047923881560564,2.649143934249878,0
1169,2387,0.033629972487688,3.3825271129608154,0
1170,2388,0.0625739023089408,3.3825271129608154,0
1171,2389,0.0467355251312255,3.3825271129608154,0
1172,2390,0.052666749805212,3.052396297454834,0
1173,2391,0.0279548484832048,3.052396297454834,0
1174,2392,0.0296464040875434,2.946640729904175,0
1175,2393,0.0348987095057964,2.946640729904175,0
1176,2394,0.0346311889588832,2.946640729904175,0
1177,2395,0.0385397337377071,2.582592487335205,0
1178,2396,0.0192184876650571,2.9454269409179688,0
1179,2397,0.0445144400000572,2.977658748626709,0
1180,2398,0.025660840794444,2.977658748626709,0
1181,2399,0.0375703610479831,3.7587077617645264,0
1182,2400,0.0326969847083091,3.7587077617645264,0
1183,2401,0.0400543771684169,2.3650033473968506,0
1184,2402,0.0273591559380292,2.3650033473968506,0
1185,2403,0.0188346188515424,2.3650033473968506,0
1186,2404,0.0229007136076688,2.795074462890625,0
1187,2405,0.0167701561003923,2.795074462890625,0
1188,2406,0.0387867763638496,2.795074462890625,0
1189,2407,0.0177338905632495,3.690915822982788,0
1190,2408,0.0394689291715621,3.690915822982788,0
1191,2409,0.0442513078451156,3.206993818283081,0
1192,2410,0.0609503909945488,3.2909443378448486,0
1193,2411,0.0397516563534736,3.2909443378448486,0
1194,2412,0.0478367209434509,3.929959774017334,0
1195,2413,0.039230041205883,3.929959774017334,0
1196,2414,0.03136932477355,3.929959774017334,0
1197,2415,0.0679654628038406,3.929959774017334,0
1198,2416,0.0373485386371612,3.946472644805908,0
1199,2417,0.0756874978542327,3.946472644805908,0
1200,2418,0.0388884656131267,2.87505841255188,0
1201,2419,0.0780831649899482,2.87505841255188,0
1202,2420,0.0354659706354141,2.87505841255188,0
1203,2421,0.0783706679940223,3.9660325050354,0
1204,2422,0.0403569750487804,3.9660325050354,0
1205,2423,0.0620318725705146,3.9660325050354,0
1206,2424,0.057058073580265,4.066719055175781,0
1207,2425,0.0256149899214506,4.066719055175781,0
1208,2426,0.0578342974185943,4.066719055175781,0
1209,2427,0.0381187871098518,3.266363859176636,0
1210,2428,0.0432356894016265,3.266363859176636,0
1211,2429,0.0305578093975782,2.8041937351226807,0
1212,2430,0.0472158268094062,2.8041937351226807,0
1213,2431,0.0490084663033485,2.7590370178222656,0
1214,2432,0.0450576767325401,2.7590370178222656,0
1215,2433,0.0297283288091421,2.6807005405426025,0
1216,2434,0.0824493169784545,2.6807005405426025,0
1217,2435,0.0484380908310413,3.906918525695801,0
1218,2436,0.0170706715434789,3.906918525695801,0
1219,2437,0.0547163598239421,2.6865217685699463,0
1220,2438,0.0403921082615852,2.6865217685699463,0
1221,2439,0.0559989400207996,4.0729804039001465,0
1222,2440,0.0179240480065345,4.0729804039001465,0
1223,2441,0.0413893535733222,5.314215660095215,0
1224,2442,0.0524466596543788,5.314215660095215,0
1225,2443,0.0619187653064727,5.314215660095215,0
1226,2444,0.0507634244859218,5.371191024780273,0
1227,2445,0.0812612548470497,5.371191024780273,0
1228,2446,0.0794649198651313,5.371191024780273,0
1229,2447,0.0482944920659065,6.499882221221924,0
1230,2448,0.0347056128084659,6.499882221221924,0
1231,2449,0.0408121459186077,6.499882221221924,0
1232,2450,0.0443911775946617,6.518890380859375,0
1233,2451,0.0498380213975906,6.518890380859375,0
1234,2452,0.0326506942510604,6.518890380859375,0
1235,2453,0.0858009234070777,6.512467861175537,0
1236,2454,0.0370831564068794,6.512467861175537,0
1237,2455,0.0727837681770324,6.795191287994385,0
1238,2456,0.0394923500716686,6.795191287994385,0
1239,2457,0.0670564770698547,6.795191287994385,0
1240,2458,0.0275397822260856,6.540687084197998,0
1241,2459,0.0598011538386344,6.540687084197998,0
1242,2460,0.0679736360907554,6.540687084197998,0
1243,2461,0.0701181218028068,6.540687084197998,0
1244,2462,0.0534901842474937,6.699218273162842,0
1245,2463,0.0424494817852973,6.68903112411499,0
1246,2464,0.0732914730906486,6.68903112411499,0
1247,2465,0.0478603094816207,6.658482074737549,0
1248,2466,0.0552944131195545,6.658482074737549,0
1249,2467,0.0475508458912372,6.788092613220215,0
1250,2468,0.0560048706829547,6.788092613220215,0
1251,2469,0.0583707727491855,6.788092613220215,0
1252,2470,0.0316615886986255,6.631359100341797,0
1253,2471,0.0647265762090683,6.631359100341797,0
1254,2472,0.0390207841992378,6.578320026397705,0
1255,2473,0.0704960897564888,6.578320026397705,0
1256,2474,0.0402247793972492,6.377379894256592,0
1257,2475,0.0548925437033176,6.377379894256592,0
1258,2476,0.0391390398144722,6.565917491912842,0
1259,2477,0.0608574822545051,6.565917491912842,0
1260,2478,0.0487365573644638,4.7495436668396,0
1261,2479,0.0750434249639511,4.7495436668396,0
1262,2480,0.0577650107443332,4.651220798492432,0
1263,2481,0.0373207405209541,4.651220798492432,0
1264,2482,0.0389510057866573,3.459899663925171,0
1265,2483,0.0363733731210231,3.459899663925171,0
1266,2484,0.0584318302571773,3.459899663925171,0
1267,2485,0.0334206111729145,3.7572646141052246,0
1268,2486,0.0565369501709938,3.7572646141052246,0
1269,2487,0.0581143647432327,3.7572646141052246,0
1270,2488,0.0701582580804824,3.3579416275024414,0
1271,2489,0.059637177735567,3.3579416275024414,0
1272,2490,0.0771970525383949,3.090285062789917,0
1273,2491,0.0525756143033504,3.090285062789917,0
1274,2492,0.015400213189423,3.090285062789917,0
1275,2493,0.0668034106492996,3.090285062789917,0
1276,2494,0.0306860674172639,4.491438388824463,0
1277,2495,0.0703409537672996,4.491438388824463,0
1278,2496,0.0378014259040355,3.304454803466797,0
1279,2497,0.0668398365378379,3.304454803466797,0
1280,2498,0.0537197776138782,3.304454803466797,0
1281,2499,0.0729833394289016,4.992676734924316,0
1282,2500,0.0475651286542415,4.992676734924316,0
1283,2501,0.091622307896614,4.992676734924316,0
1284,2502,0.0429366007447242,5.692092418670654,0
1285,2503,0.0517370514571666,5.692092418670654,0
1286,2504,0.068990372121334,5.692092418670654,0
1287,2505,0.0552921257913112,6.398000240325928,0
1288,2506,0.0425842441618442,6.398000240325928,0
1289,2507,0.0424568019807338,6.398000240325928,0
1290,2508,0.0634293630719184,6.361963272094727,0
1291,2509,0.0612780563533306,6.361963272094727,0
1292,2510,0.0919545441865921,6.243218898773193,0
1293,2511,0.0726978033781051,6.243218898773193,0
1294,2512,0.0446385666728019,6.342543125152588,0
1295,2513,0.0657100155949592,6.342543125152588,0
1296,2514,0.0349894948303699,6.1307902336120605,0
1297,2515,0.0601482763886451,6.1307902336120605,0
1298,2516,0.0412862338125705,6.066198348999023,0
1299,2517,0.0649255737662315,6.066198348999023,0
1300,2518,0.0388058014214038,6.272797107696533,0
1301,2519,0.0592336803674697,6.272797107696533,0
1302,2520,0.0510224252939224,6.405047416687012,0
1303,2521,0.0608949586749076,6.405047416687012,0
1304,2522,0.0387318842113018,3.7285521030426025,0
1305,2523,0.0573475137352943,3.7285521030426025,0
1306,2524,0.0376149453222751,3.7285521030426025,0
1307,2525,0.04124566167593,3.827390193939209,0
1308,2526,0.0458285771310329,3.827390193939209,0
1309,2527,0.0392515808343887,3.827390193939209,0
1310,2528,0.0586512461304664,3.714993953704834,0
1311,2529,0.0382422767579555,3.6933751106262207,0
1312,2530,0.0683091804385185,3.6933751106262207,0
1313,2531,0.0378986746072769,2.9620730876922607,0
1314,2532,0.0532104857265949,2.9620730876922607,0
1315,2533,0.046809121966362,2.9620730876922607,0
1316,2534,0.0513310804963111,3.2570972442626958,0
1317,2535,0.0300752464681863,3.2570972442626958,0
1318,2536,0.0386619977653026,3.2570972442626958,0
1319,2537,0.0580304861068725,3.1032190322875977,0
1320,2538,0.0368655323982238,3.1032190322875977,0
1321,2539,0.0553133934736251,3.1032190322875977,0
1322,2540,0.0261637158691883,3.1032190322875977,0
1323,2541,0.0587390288710594,5.17683744430542,0
1324,2542,0.0604298450052738,5.17683744430542,0
1325,2543,0.0577086247503757,4.619204521179199,0
1326,2544,0.0484708324074745,4.619204521179199,0
1327,2545,0.0608056485652923,4.619204521179199,0
1328,2546,0.0372621864080429,5.225928783416748,0
1329,2547,0.031061390414834,5.225928783416748,0
1330,2548,0.0535151809453964,5.225928783416748,0
1331,2549,0.0344062261283397,5.091875553131104,0
1332,2550,0.0632471293210983,4.727498531341553,0
1333,2551,0.0437548421323299,4.727498531341553,0
1334,2552,0.0479441098868846,4.841633796691895,0
1335,2553,0.0715361535549163,4.841633796691895,0
1336,2554,0.0630242452025413,4.959316253662109,0
1337,2555,0.0532332435250282,4.959316253662109,0
1338,2556,0.0600362494587898,4.798328399658203,0
1339,2557,0.0571537688374519,4.798328399658203,0
1340,2558,0.0451630838215351,4.73375415802002,0
1341,2559,0.0471957139670848,4.73375415802002,0
1342,2560,0.0270861629396677,4.926360607147217,0
1343,2561,0.0282133184373378,4.926360607147217,0
1344,2562,0.0553099252283573,4.714035987854004,0
1345,2563,0.038751158863306,4.714035987854004,0
1346,2564,0.066390685737133,4.714035987854004,0
1347,2565,0.0437985844910144,4.492082118988037,0
1348,2566,0.0580796897411346,4.492082118988037,0
1349,2567,0.0407700203359127,4.492082118988037,0
1350,2568,0.0425792522728443,4.518022060394287,0
1351,2569,0.0466587580740451,4.518022060394287,0
1352,2570,0.0521626286208629,4.518022060394287,0
1353,2571,0.0638610646128654,3.569706439971924,0
1354,2572,0.0438540428876876,3.569706439971924,0
1355,2573,0.0689718350768089,3.569706439971924,0
1356,2574,0.0469668544828891,4.350837230682373,0
1357,2575,0.091974101960659,4.350837230682373,0
1358,2576,0.0367155186831951,4.350837230682373,0
1359,2577,0.0663334354758262,4.797278881072998,0
1360,2578,0.0379405580461025,4.818124771118164,0
1361,2579,0.0488368719816207,4.818124771118164,0
1362,2580,0.0310980100184679,4.818124771118164,0
1363,2581,0.0239037666469812,4.244727611541748,0
1364,2582,0.0486322380602359,4.244727611541748,0
1365,2583,0.0265864785760641,4.244727611541748,0
1366,2584,0.0504875443875789,4.730964183807373,0
1367,2585,0.0526260733604431,4.730964183807373,0
1368,2586,0.0834735333919525,4.730964183807373,0
1369,2587,0.0619026459753513,3.099251270294189,0
1370,2588,0.0583459660410881,3.099251270294189,0
1371,2589,0.0738966092467308,3.54850435256958,0
1372,2590,0.0666077360510826,3.54850435256958,0
1373,2591,0.0810589492321014,4.300055980682373,0
1374,2592,0.0245684422552585,4.300055980682373,0
1375,2593,0.0742852166295051,4.454230308532715,0
1376,2594,0.0276719629764556,4.454230308532715,0
1377,2595,0.0824226811528205,4.454230308532715,0
1378,2596,0.0317436531186103,3.110036373138428,0
1379,2597,0.0789664983749389,3.110036373138428,0
1380,2598,0.0593242906033992,3.345424175262451,0
1381,2599,0.0707742944359779,3.345424175262451,0
1382,2600,0.0671160668134689,3.294567346572876,0
1383,2601,0.0700185149908065,3.294567346572876,0
1384,2602,0.0626879557967186,3.389468193054199,0
1385,2603,0.0400388464331626,3.389468193054199,0
1386,2604,0.0823362171649932,3.365277051925659,0
1387,2605,0.0640879720449447,3.365277051925659,0
1388,2606,0.0783369094133377,3.365277051925659,0
1389,2607,0.0819619446992874,1.1397439241409302,0
1390,2608,0.0771220922470092,1.187871336936951,0
1391,2609,0.0877623930573463,1.187871336936951,0
1392,2610,0.089272491633892,4.595207691192627,0
1393,2611,0.0895280390977859,4.595207691192627,0
1394,2612,0.0884660854935646,3.413957118988037,0
1395,2613,0.0941842421889305,3.413957118988037,0
1396,2614,0.0386983789503574,3.413957118988037,0
1397,2615,0.0960487052798271,4.270301818847656,0
1398,2616,0.0783278495073318,4.270301818847656,0
1399,2617,0.1157042011618614,4.270301818847656,0
1400,2618,0.0800644233822822,3.105814218521118,0
1401,2619,0.1202756091952323,3.105814218521118,0
1402,2620,0.1077562570571899,3.105814218521118,0
1403,2621,0.1227572932839393,3.105814218521118,0
1404,2622,0.1097775399684906,2.989308834075928,0
1405,2623,0.1038946360349655,2.989308834075928,0
1406,2624,0.0841326788067817,2.989308834075928,0
1407,2625,0.030406629666686,2.989308834075928,0
1408,2626,0.1105744540691375,3.124252319335937,0
1409,2627,0.0569605752825737,3.084866523742676,0
1410,2628,0.1182180643081665,3.084866523742676,0
1411,2629,0.0478886216878891,6.25974702835083,0
1412,2630,0.1150393560528755,6.25974702835083,0
1413,2631,0.0751973912119865,6.142550945281982,0
1414,2632,0.0824602171778678,6.142550945281982,0
1415,2633,0.0608891174197196,6.30093240737915,0
1416,2634,0.0737780183553695,6.326148509979248,0
1417,2635,0.0565816238522529,6.337071895599365,0
1418,2636,0.0457396768033504,6.337071895599365,0
1419,2637,0.057629071176052,6.212218761444092,0
1420,2638,0.0466865859925746,6.212218761444092,0
1421,2639,0.0729667171835899,5.609647274017334,0
1422,2640,0.048486765474081,5.609647274017334,0
1423,2641,0.0611395724117755,5.974522590637207,0
1424,2642,0.0595349036157131,5.974522590637207,0
1425,2643,0.0623058788478374,5.443700313568115,0
1426,2644,0.0462068654596805,5.443700313568115,0
1427,2645,0.0542655549943447,5.443700313568115,0
1428,2646,0.0473519042134285,4.076051235198975,0
1429,2647,0.0258023664355278,4.076051235198975,0
1430,2648,0.0563767701387405,3.8104653358459473,0
1431,2649,0.0255994331091642,3.8104653358459473,0
1432,2650,0.0589963868260383,3.8104653358459473,0
1433,2651,0.0286621041595935,3.689936876296997,0
1434,2652,0.0613850690424442,3.689936876296997,0
1435,2653,0.0413754619657993,3.689936876296997,0
1436,2654,0.0595844760537147,2.843965530395508,0
1437,2655,0.0052304924465715,2.843965530395508,0
1438,2656,0.0102654919028282,2.843965530395508,0
1439,2657,0.0073561146855354,3.0108771324157715,0
1440,2658,0.0173274148255586,3.0108771324157715,0
1441,2659,0.0030798253137618,3.0108771324157715,0
1442,2660,0.0051783025264739,4.158880710601807,0
1443,2661,0.0051911021582782,4.158880710601807,0
1444,2662,0.007910874672234,4.158880710601807,0
1445,2663,0.0063603031449019,4.158880710601807,0
1446,2664,0.0050415899604558,3.8379292488098153,0
1447,2665,0.0,3.8379292488098153,0
1448,2666,0.0127373207360506,3.8379292488098153,0
1449,2667,0.0,5.074587345123291,0
1450,2668,0.0033306484110653,5.074587345123291,0
1451,2669,0.00258668535389,5.074587345123291,0
1452,2670,0.0183600503951311,5.076628684997559,0
1453,2671,0.0016587366117164,5.076628684997559,0
1454,2672,0.0144060514867305,4.584889888763428,0
1455,2673,0.0046267164871096,4.584889888763428,0
1456,2674,0.014879323542118,4.667608261108398,0
1457,2675,0.0117880376055836,4.667608261108398,0
1458,2676,0.0161333661526441,4.213276386260986,0
1459,2677,0.0315790250897407,4.213276386260986,0
1460,2678,0.008681733161211,4.1472039222717285,0
1461,2679,0.0233494490385055,3.718766689300537,0
1462,2680,0.0129784950986504,3.718766689300537,0
1463,2681,0.0304899457842111,3.718766689300537,0
1464,2682,0.016338761895895,3.530667781829834,0
1465,2683,0.0470905117690563,5.163912296295166,0
1466,2684,0.0410888232290744,5.163912296295166,0
1467,2685,0.0299757737666368,5.163912296295166,0
1468,2686,0.0166836753487586,5.163912296295166,0
1469,2687,0.0442753694951534,6.287221908569336,0
1470,2688,0.0452451072633266,6.287221908569336,0
1471,2689,0.0415160804986953,5.456204891204834,0
1472,2690,0.0298040062189102,5.456204891204834,0
1473,2691,0.0551532618701458,5.456204891204834,0
1474,2692,0.0404812842607498,4.691175937652588,0
1475,2693,0.0708848536014556,4.691175937652588,0
1476,2694,0.029125940054655,4.691175937652588,0
1477,2695,0.0658370926976203,4.007067680358887,0
1478,2696,0.0311040244996547,4.007067680358887,0
1479,2697,0.0247159898281097,4.007067680358887,0
1480,2698,0.0422130972146987,3.6943225860595694,0
1481,2699,0.0549986585974693,3.6943225860595694,0
1482,2700,0.0172944702208042,3.6943225860595694,0
1483,2701,0.0776123031973838,3.885977268218994,0
1484,2702,0.0234184358268976,3.885977268218994,0
1485,2703,0.0494449362158775,3.885977268218994,0
1486,2704,0.0236273147165775,4.440056800842285,0
1487,2705,0.0410913750529289,4.440056800842285,0
1488,2706,0.0388575531542301,4.440056800842285,0
1489,2707,0.0145523343235254,4.440056800842285,0
1490,2708,0.0616601668298244,4.456691741943359,0
1491,2709,0.0630592256784439,4.456691741943359,0
1492,2710,0.024482799693942,4.359662055969238,0
1493,2711,0.0329785980284214,4.359662055969238,0
1494,2712,0.0448139160871505,4.598239898681641,0
1495,2713,0.0312191545963287,4.598239898681641,0
1496,2714,0.0348003022372722,4.598239898681641,0
1497,2715,0.0159038584679365,4.63259744644165,0
1498,2716,0.0243564657866954,4.63259744644165,0
1499,2717,0.0561898499727249,2.0646066665649414,0
1500,2718,0.0084107825532555,2.0646066665649414,0
1501,2719,0.0368229486048221,5.067800521850586,0
1502,2720,0.0222234483808279,5.067800521850586,0
1503,2721,0.0287432298064231,4.554378032684326,0
1504,2722,0.0139095820486545,4.554378032684326,0
1505,2723,0.0515019930899143,3.947993516921997,0
1506,2724,0.0158135443925857,3.947993516921997,0
1507,2725,0.0399512201547622,3.947993516921997,0
1508,2726,0.0759874880313873,4.246195316314697,0
1509,2727,0.0383478291332721,4.246195316314697,0
1510,2728,0.0364967621862888,4.246195316314697,0
1511,2729,0.0159562584012746,3.308584213256836,0
1512,2730,0.0353166088461875,3.308584213256836,0
1513,2731,0.0195704754441976,2.977526426315308,0
1514,2732,0.0339454561471939,2.977526426315308,0
1515,2733,0.0081336107105016,2.977526426315308,0
1516,2734,0.0353734269738197,3.5381765365600586,0
1517,2735,0.0155174164101481,3.5381765365600586,0
1518,2736,0.0083735901862382,3.5381765365600586,0
1519,2737,0.0094349775463342,2.8096635341644287,0
1520,2738,0.0188517235219478,2.8096635341644287,0
1521,2739,0.0192601419985294,3.4462790489196777,0
1522,2740,0.0083794826641678,3.4462790489196777,0
1523,2741,0.0348117724061012,3.4462790489196777,0
1524,2742,0.0083435084670782,3.404735803604126,0
1525,2743,0.0290409568697214,3.404735803604126,0
1526,2744,0.0001219336045323,3.404735803604126,0
1527,2745,0.0147172855213284,3.404735803604126,0
1528,2746,0.0105365430936217,3.2379369735717773,0
1529,2747,0.0277746226638555,3.2379369735717773,0
1530,2748,0.0175986271351575,3.2379369735717773,0
1531,2749,0.0136703988537192,3.2304763793945312,0
1532,2750,0.0311179962009191,3.2304763793945312,0
1533,2751,0.0058000772260129,3.2304763793945312,0
1534,2752,0.0299998726695776,3.585674524307251,0
1535,2753,0.0159221030771732,3.585674524307251,0
1536,2754,0.0200069043785333,7.55311918258667,0
1537,2755,0.0,7.55311918258667,0
1538,2756,0.0127671202644705,6.363115787506104,0
1539,2757,0.0065877861343324,6.28535270690918,0
1540,2758,0.0168141555041074,6.28535270690918,0
1541,2759,0.0110695408657193,5.693705558776856,0
1542,2760,0.0173914171755313,5.693705558776856,0
1543,2761,0.0327199697494506,5.124885559082031,0
1544,2762,0.0318580381572246,3.413660764694214,0
1545,2763,0.0536648258566856,3.413660764694214,0
1546,2764,0.0719432309269905,3.413660764694214,0
1547,2765,0.0464368313550949,4.259825706481934,0
1548,2766,0.0184599217027425,4.259825706481934,0
1549,2767,0.0145145133137702,4.259825706481934,0
1550,2768,0.0474240966141223,2.610215902328491,0
1551,2769,0.0240218304097652,2.610215902328491,0
1552,2770,0.0446677133440971,2.610215902328491,0
1553,2771,0.0130527280271053,3.0142571926116943,0
1554,2772,0.0466346144676208,3.0142571926116943,0
1555,2773,0.0259135663509368,3.0142571926116943,0
1556,2774,0.0304340962320566,2.7655608654022217,0
1557,2775,0.0305353850126266,2.7655608654022217,0
1558,2776,0.0300131998956203,2.7655608654022217,0
1559,2777,0.0035746793728321,3.9703986644744873,0
1560,2778,0.0265560150146484,3.9703986644744873,0
1561,2779,0.0133170513436198,3.9703986644744873,0
1562,2780,0.0190387573093175,3.1597471237182617,0
1563,2781,0.011743115261197,3.1597471237182617,0
1564,2782,0.0120123326778411,3.1597471237182617,0
1565,2783,0.0062333233654499,3.823211193084717,0
1566,2784,0.0154959131032228,3.823211193084717,0
1567,2785,0.0082332864403724,3.823211193084717,0
1568,2786,0.033656895160675,3.823211193084717,0
1569,2787,0.0090496214106678,5.597237586975098,0
1570,2788,0.0078125726431608,5.597237586975098,0
1571,2789,0.0,5.597237586975098,0
1572,2790,0.0240859948098659,5.296464920043945,0
1573,2791,0.0034739060793071,5.296464920043945,0
1574,2792,0.0151277855038642,3.699936389923096,0
1575,2793,0.0019642333500087,3.699936389923096,0
1576,2794,0.0143233239650726,3.6339364051818848,0
1577,2795,0.0016159084625542,3.6339364051818848,0
1578,2796,0.014580943621695,3.590829610824585,0
1579,2797,0.0017572774086147,3.590829610824585,0
1580,2798,0.0113531854003667,2.710615396499634,0
1581,2799,0.0357937216758728,2.710615396499634,0
1582,2800,8.486911974614486e-05,3.42647385597229,0
1583,2801,0.0186592582613229,3.42647385597229,0
1584,2802,0.0,3.840454816818237,0
1585,2803,0.0126433772966265,3.840454816818237,0
1586,2804,0.001079375273548,3.2146971225738525,0
1587,2805,0.0079711712896823,3.145307302474976,0
1588,2806,0.0026604060549288,3.145307302474976,0
1589,2807,0.0,3.007967233657837,0
1590,2808,0.0004192273481748,3.007967233657837,0
1591,2809,0.0052758450619876,3.007967233657837,0
1592,2810,0.0230265408754348,4.211618423461914,0
1593,2811,0.0087815420702099,4.211618423461914,0
1594,2812,0.0080130137503147,4.211618423461914,0
1595,2813,0.0209717974066734,2.4708142280578613,0
1596,2814,0.0134896067902445,2.4708142280578613,0
1597,2815,0.0174426902085542,2.7525949478149414,0
1598,2816,0.0088398223742842,2.7525949478149414,0
1599,2817,0.0058978484012186,2.7525949478149414,0
1600,2818,0.0023474032059311,3.78642201423645,0
1601,2819,0.0102232750505208,3.78642201423645,0
1602,2820,0.0292287040501832,3.78642201423645,0
1603,2821,0.0200813170522451,3.442983627319336,0
1604,2822,0.0073570162057876,3.442983627319336,0
1605,2823,0.0141422441229224,3.442983627319336,0
1606,2824,0.013904052786529,4.308525085449219,0
1607,2825,0.0216009858995676,4.308525085449219,0
1608,2826,0.004972618073225,4.308525085449219,0
1609,2827,0.0106166806071996,4.308525085449219,0
1610,2828,0.0298519004136323,3.8076484203338623,0
1611,2829,0.0007130649173632,3.8076484203338623,0
1612,2830,0.0194126106798648,3.8076484203338623,0
1613,2831,0.0192776024341583,3.3010241985321045,0
1614,2832,0.0451902002096176,3.3010241985321045,0
1615,2833,0.0176925435662269,3.271865129470825,0
1616,2834,0.021566592156887,3.271865129470825,0
1617,2835,0.007934576831758,3.132054090499878,0
1618,2836,0.0188923440873622,3.132054090499878,0
1619,2837,0.009555866010487,3.132054090499878,0
1620,2838,0.0234667100012302,2.707852840423584,0
1621,2839,0.015502655878663,2.707852840423584,0
1622,2840,0.0170449689030647,2.8754994869232178,0
1623,2841,0.0144518846645951,2.8754994869232178,0
1624,2842,0.0187331400811672,2.8444714546203613,0
1625,2843,0.0168648585677146,2.8444714546203613,0
1626,2844,0.0293753538280725,3.1195056438446045,0
1627,2845,0.007309837732464,3.1195056438446045,0
1628,2846,0.0073461825959384,3.1195056438446045,0
1629,2847,0.0153772206977009,3.052440881729126,0
1630,2848,0.0076242224313318,3.052440881729126,0
1631,2849,0.0117857223376631,3.052440881729126,0
1632,2850,0.011796242557466,4.843198776245117,0
1633,2851,0.0077536487951874,4.843198776245117,0
1634,2852,0.0087791690602898,4.92351770401001,0
1635,2853,0.0049270763993263,4.92351770401001,0
1636,2854,0.0136047517880797,4.92351770401001,0
1637,2855,0.0037655211053788,4.185084819793701,0
1638,2856,0.0162953976541757,4.185084819793701,0
1639,2857,0.0032185849267989,2.7208657264709477,0
1640,2858,0.0312593206763267,2.7208657264709477,0
1641,2859,0.0066679418087005,2.7208657264709477,0
1642,2860,0.0234175324440002,3.391995429992676,0
1643,2861,0.0164526831358671,3.391995429992676,0
1644,2862,0.0071439105086028,3.391995429992676,0
1645,2863,0.0045210630632936,3.391995429992676,0
1646,2864,0.0156116895377635,3.708791732788086,0
1647,2865,0.0093038631603121,3.708791732788086,0
1648,2866,0.0076192091219127,3.708791732788086,0
1649,2867,0.0014601028524339,2.987011671066284,0
1650,2868,0.015021433122456,2.987011671066284,0
1651,2869,0.0023661020677536,2.987011671066284,0
1652,2870,0.0036972872912883,3.352186679840088,0
1653,2871,0.0,3.352186679840088,0
1654,2872,0.0128675531595945,3.352186679840088,0
1655,2873,0.0,3.107879638671875,0
1656,2874,0.0176661480218172,3.107879638671875,0
1657,2875,0.0,2.871955633163452,0
1658,2876,0.0208638254553079,2.871955633163452,0
1659,2877,0.0,3.150778293609619,0
1660,2878,0.017577527090907,3.150778293609619,0
1661,2879,0.0026571333874017,2.994992017745972,0
1662,2880,0.0140891289338469,2.994992017745972,0
1663,2881,0.0013209184398874,3.5739097595214844,0
1664,2882,0.0071811405941843,3.5739097595214844,0
1665,2883,0.0068530836142599,2.939781665802002,0
1666,2884,0.0094631146639585,2.939781665802002,0
1667,2885,0.0081564225256443,2.9446072578430176,0
1668,2886,0.0086986366659402,2.9446072578430176,0
1669,2887,0.0172986518591642,2.9446072578430176,0
1670,2888,0.009211073629558,3.0892763137817383,0
1671,2889,0.0115985805168747,3.0892763137817383,0
1672,2890,0.0102312806993722,3.0892763137817383,0
1673,2891,0.0114110792055726,3.0005877017974854,0
1674,2892,0.0143408644944429,3.0005877017974854,0
1675,2893,0.004242222290486,3.0005877017974854,0
1676,2894,0.0134273217990994,2.8792202472686768,0
1677,2895,0.0048222010955214,2.8792202472686768,0
1678,2896,0.0047194282524287,2.8792202472686768,0
1679,2897,0.0227825995534658,2.9245829582214355,0
1680,2898,0.0142979640513658,2.9245829582214355,0
1681,2899,0.0233624130487442,2.9245829582214355,0
1682,2900,0.0167158134281635,3.9806625843048096,0
1683,2901,0.01416717749089,3.9806625843048096,0
1684,2902,0.0094926441088318,3.9806625843048096,0
1685,2903,0.0393123440444469,2.655815362930298,0
1686,2904,0.0136927906423807,2.670865297317505,0
1687,2905,0.0307472627609968,2.670865297317505,0
1688,2906,0.0256683640182018,2.718425750732422,0
1689,2907,0.0269355662167072,2.718425750732422,0
1690,2908,0.0243730172514915,2.718425750732422,0
1691,2909,0.0182652249932289,3.215038061141968,0
1692,2910,0.0290958583354949,3.215038061141968,0
1693,2911,0.0401683114469051,3.215038061141968,0
1694,2912,0.0249742176383733,2.709331512451172,0
1695,2913,0.0173606071621179,2.709331512451172,0
1696,2914,0.0292787216603755,1.4280006885528564,0
1697,2915,0.0483398102223873,1.4280006885528564,0
1698,2916,0.0214718244969844,3.720249891281128,0
1699,2917,0.025688923895359,3.720249891281128,0
1700,2918,0.0170089229941368,5.050258159637451,0
1701,2919,0.0282374322414398,4.592563629150391,0
1702,2920,0.0293874721974134,4.592563629150391,0
1703,2921,0.0293970555067062,2.9466567039489746,0
1704,2922,0.0104804709553718,2.9466567039489746,0
1705,2923,0.0105307502672076,4.002590179443359,0
1706,2924,0.0190900508314371,4.012431144714356,0
1707,2925,0.0601806379854679,4.504401683807373,0
1708,2926,0.0379696823656559,4.504401683807373,0
1709,2927,0.0433722473680973,4.504401683807373,0
1710,2928,0.0336676202714443,3.149855136871338,0
1711,2929,0.016769727692008,3.149855136871338,0
1712,2930,0.0290113035589456,3.149855136871338,0
1713,2931,0.0339635722339153,3.960921287536621,0
1714,2932,0.0214345417916774,3.960921287536621,0
1715,2933,0.0202911403030157,2.9390127658843994,0
1716,2934,0.0235371142625808,2.9390127658843994,0
1717,2935,0.0429412946105003,2.9390127658843994,0
1718,2936,0.0173378456383943,3.207557678222656,0
1719,2937,0.0257412623614072,3.207557678222656,0
1720,2938,0.0239049438387155,3.207557678222656,0
1721,2939,0.0385804064571857,3.9301793575286874,0
1722,2940,0.006983894854784,3.9301793575286874,0
1723,2941,0.0345546379685401,3.9301793575286874,0
1724,2942,0.0225783847272396,4.182141780853272,0
1725,2943,0.0358492769300937,4.182141780853272,0
1726,2944,0.0202252753078937,4.182141780853272,0
1727,2945,0.0344922058284282,4.029499053955078,0
1728,2946,0.0209110956639051,4.029499053955078,0
1729,2947,0.0328490361571311,4.029499053955078,0
1730,2948,0.0382598116993904,4.029499053955078,0
1731,2949,0.0410409197211265,1.8999385833740237,0
1732,2950,0.0308853574097156,1.8999385833740237,0
1733,2951,0.0114671690389513,2.925396203994751,0
1734,2952,0.0289059877395629,2.925396203994751,0
1735,2953,0.0232059769332408,2.925396203994751,0
1736,2954,0.0400298349559307,3.166421175003052,0
1737,2955,0.0288764107972383,3.166421175003052,0
1738,2956,0.0474937260150909,3.7695987224578857,0
1739,2957,0.0167684499174356,3.7695987224578857,0
1740,2958,0.0271919649094343,4.6191253662109375,0
1741,2959,0.0260069798678159,4.6191253662109375,0
1742,2960,0.0439646132290363,3.1385304927825928,0
1743,2961,0.0283774603158235,3.1385304927825928,0
1744,2962,0.0321892723441123,3.1430256366729736,0
1745,2963,0.0257605761289596,3.1430256366729736,0
1746,2964,0.024687509983778,3.3108227252960205,0
1747,2965,0.0267923083156347,3.3108227252960205,0
1748,2966,0.0376874133944511,3.3108227252960205,0
1749,2967,0.0382294803857803,3.1635842323303223,0
1750,2968,0.0180872678756713,3.1635842323303223,0
1751,2969,0.0212753340601921,3.1635842323303223,0
1752,2970,0.0356295704841613,3.272753953933716,0
1753,2971,0.0192823410034179,3.272753953933716,0
1754,2972,0.024932712316513,5.2023115158081055,0
1755,2973,0.0147755295038223,5.2023115158081055,0
1756,2974,0.0397918224334716,5.2023115158081055,0
1757,2975,0.015662046149373,5.137012004852295,0
1758,2976,0.0554691925644874,5.137012004852295,0
1759,2977,0.018996687605977,4.90735387802124,0
1760,2978,0.0484340563416481,4.90735387802124,0
1761,2979,0.0152000160887837,4.90735387802124,0
1762,2980,0.0387603715062141,4.879878997802734,0
1763,2981,0.0129360063001513,4.879878997802734,0
1764,2982,0.0402213782072067,4.879878997802734,0
1765,2983,0.021598944440484,6.074163913726807,0
1766,2984,0.0340108983218669,5.994077205657959,0
1767,2985,0.0358877629041671,6.074163913726807,0
1768,2986,0.0400346629321575,5.260189533233643,0
1769,2987,0.0366060994565486,5.260189533233643,0
1770,2988,0.0225281398743391,5.260189533233643,0
1771,2989,0.0323671326041221,5.260189533233643,0
1772,2990,0.034092292189598,5.407044410705566,0
1773,2991,0.0371188819408416,5.407044410705566,0
1774,2992,0.0306919906288385,5.793206214904785,0
1775,2993,0.0299699939787387,5.793206214904785,0
1776,2994,0.0363743342459201,5.91940450668335,0
1777,2995,0.0289124939590692,5.91940450668335,0
1778,2996,0.0375860333442688,5.996099948883057,0
1779,2997,0.0296296402812004,5.996099948883057,0
1780,2998,0.0330518931150436,6.129980564117432,0
1781,2999,0.0236502941697835,6.129980564117432,0
1782,3000,0.023780332878232,3.7375876903533936,0
1783,3001,0.0245423316955566,3.7375876903533936,0
1784,3002,0.038316611200571,3.6349520683288574,0
1785,3003,0.0394968055188655,3.6349520683288574,0
1786,3004,0.0288665071129798,3.9393579959869385,0
1787,3005,0.0193326864391565,3.9393579959869385,0
1788,3006,0.0228642784059047,3.9393579959869385,0
1789,3007,0.0112585518509149,3.5356345176696777,0
1790,3008,0.0296782832592725,3.5356345176696777,0
1791,3009,0.0194198451936244,3.5356345176696777,0
1792,3010,0.0247531756758689,3.4728474617004395,0
1793,3011,0.0230070035904645,3.4728474617004395,0
1794,3012,0.0313862971961498,7.433722496032715,0
1795,3013,0.027727136388421,7.433722496032715,0
1796,3014,0.0182915907353162,7.433722496032715,0
1797,3015,0.0268122870475053,7.486109256744385,0
1798,3016,0.0278071351349353,7.486109256744385,0
1799,3017,0.0279291812330484,7.486109256744385,0
1800,3018,0.0265599824488163,7.901461124420166,0
1801,3019,0.0500209294259548,7.901461124420166,0
1802,3020,0.0193419177085161,7.901461124420166,0
1803,3021,0.0357891432940959,7.727846622467041,0
1804,3022,0.0278013981878757,7.727846622467041,0
1805,3023,0.0418540574610233,7.727846622467041,0
1806,3024,0.0184735152870416,7.727846622467041,0
1807,3025,0.0239121224731206,7.938774585723877,0
1808,3026,0.0654422491788864,7.938774585723877,0
1809,3027,0.0374300479888916,3.945708513259888,0
1810,3028,0.0560761727392673,3.945708513259888,0
1811,3029,0.0417006537318229,3.945708513259888,0
1812,3030,0.1117412447929382,3.945708513259888,0
1813,3031,0.0839660912752151,3.8991172313690186,0
1814,3032,0.1345201730728149,3.8991172313690186,0
1815,3033,0.0889046862721443,3.119302988052368,0
1816,3034,0.1566916108131408,3.119302988052368,0
1817,3035,0.1613008975982666,2.990956544876098,0
1818,3036,0.0592319220304489,2.990956544876098,0
1819,3037,0.1397206038236618,4.944121837615967,0
1820,3038,0.0904972627758979,4.944121837615967,0
1821,3039,0.140454426407814,3.145983457565308,0
1822,3040,0.1587469428777694,3.145983457565308,0
1823,3041,0.1846389472484588,2.686129331588745,0
1824,3042,0.1603579372167587,2.686129331588745,0
1825,3043,0.2530348598957062,2.029070854187012,0
1826,3044,0.1817639470100402,2.029070854187012,0
1827,3045,0.2352721244096756,1.6652590036392212,0
1828,3046,0.1811862736940384,1.6652590036392212,0
1829,3047,0.1379005312919616,1.6652590036392212,0
1830,3048,0.1649167835712433,2.059349775314331,0
1831,3049,0.1353822946548462,2.063436269760132,0
1832,3050,0.1577690988779068,2.063436269760132,0
1833,3051,0.1607663482427597,2.049844980239868,0
1834,3052,0.2004396617412567,2.049844980239868,0
1835,3053,0.2056228220462799,2.049844980239868,0
1836,3054,0.3133272528648376,2.072988271713257,0
1837,3055,0.1674432903528213,2.08460545539856,0
1838,3056,0.191846877336502,2.0712339878082275,0
1839,3057,0.2270986288785934,2.0712339878082275,0
1840,3058,0.193110242486,2.0712339878082275,0
1841,3059,0.0938612669706344,2.5665998458862305,0
1842,3060,0.1195004656910896,2.5665998458862305,0
1843,3061,0.0751914605498313,2.5665998458862305,0
1844,3062,0.0635837391018867,2.5665998458862305,0
1845,3063,0.0899384245276451,2.434516668319702,0
1846,3064,0.0690122619271278,2.434516668319702,0
1847,3065,0.1163502559065818,2.434516668319702,0
1848,3066,0.0896694585680961,2.2827136516571045,0
1849,3067,0.0846327990293502,2.2827136516571045,0
1850,3068,0.1271267831325531,2.2827136516571045,0
1851,3069,0.0908824205398559,3.8820996284484863,0
1852,3070,0.140982300043106,3.8820996284484863,0
1853,3071,0.0696545392274856,3.8820996284484863,0
1854,3072,0.1109336391091346,4.107534885406494,0
1855,3073,0.0844392105937004,4.107534885406494,0
1856,3074,0.1961650252342224,3.9325919151306152,0
1857,3075,0.0529806353151798,3.9325919151306152,0
1858,3076,0.1658868193626403,4.866517066955566,0
1859,3077,0.0640952810645103,4.866517066955566,0
1860,3078,0.203591912984848,5.093187808990479,0
1861,3079,0.0473199151456356,5.093187808990479,0
1862,3080,0.0688771530985832,5.523425579071045,0
1863,3081,0.1230093166232109,5.523425579071045,0
1864,3082,0.1366606950759887,7.324855804443359,0
1865,3083,0.0341253131628036,7.324855804443359,0
1866,3084,0.0263376403599977,7.098599910736084,0
1867,3085,0.0975094363093376,7.098599910736084,0
1868,3086,0.0768910497426986,4.475005149841309,0
1869,3087,0.0931115299463272,4.475005149841309,0
1870,3088,0.0862752497196197,4.475005149841309,0
1871,3089,0.1183371022343635,4.106383800506592,0
1872,3090,0.1151361837983131,4.0615105628967285,0
1873,3091,0.1271420568227768,4.0615105628967285,0
1874,3092,0.0688823461532592,5.153341293334961,0
1875,3093,0.1190242692828178,5.153341293334961,0
1876,3094,0.0349235460162162,5.153341293334961,0
1877,3095,0.1825098544359207,3.5765910148620605,0
1878,3096,0.0426227115094661,3.5765910148620605,0
1879,3097,0.111714020371437,3.5765910148620605,0
1880,3098,0.1180480346083641,2.278843879699707,0
1881,3099,0.1465236544609069,2.278843879699707,0
1882,3100,0.0947728082537651,2.278843879699707,0
1883,3101,0.1260764300823211,1.6843165159225464,0
1884,3102,0.0542285442352294,1.6843165159225464,0
1885,3103,0.1642969995737075,1.6843165159225464,0
1886,3104,0.0795781314373016,1.709011435508728,0
1887,3105,0.1458548605442047,1.709011435508728,0
1888,3106,0.0374893546104431,1.709011435508728,0
1889,3107,0.1981523036956787,1.709011435508728,0
1890,3108,0.0836157724261283,0.8423237800598145,0
1891,3109,0.2256911098957061,0.8423237800598145,0
1892,3110,0.04943373426795,0.8423237800598145,0
1893,3111,0.1838947385549545,1.4400049448013306,0
1894,3112,0.0587644390761852,1.4400049448013306,0
1895,3113,0.0853810459375381,2.611696481704712,0
1896,3114,0.0344376154243946,2.611696481704712,0
1897,3115,0.1549784392118454,2.2481417655944824,0
1898,3116,0.0661280378699302,2.2481417655944824,0
1899,3117,0.1227655783295631,2.8176887035369877,0
1900,3118,0.0692672580480575,2.8176887035369877,0
1901,3119,0.1384794414043426,3.184448719024658,0
1902,3120,0.0753192082047462,3.184448719024658,0
1903,3121,0.1063238158822059,3.327369451522827,0
1904,3122,0.1855309754610061,3.327369451522827,0
1905,3123,0.186731070280075,3.222405910491944,0
1906,3124,0.1963431388139724,3.222405910491944,0
1907,3125,0.0624085254967212,3.4352777004241943,0
1908,3126,0.1810095310211181,3.4352777004241943,0
1909,3127,0.1110350713133812,3.4352777004241943,0
1910,3128,0.2425974011421203,3.6479437351226807,0
1911,3129,0.1900507360696792,3.6479437351226807,0
1912,3130,0.2490250617265701,2.9305896759033203,0
1913,3131,0.2129694372415542,2.9305896759033203,0
1914,3132,0.2533437013626098,2.9305896759033203,0
1915,3133,0.2313043773174286,2.9305896759033203,0
1916,3134,0.2930573225021362,3.399014711380005,0
1917,3135,0.2812193930149078,3.399014711380005,0
1918,3136,0.1978257000446319,2.457672119140625,0
1919,3137,0.2679196298122406,2.457672119140625,0
1920,3138,0.2248440682888031,2.457672119140625,0
1921,3139,0.2655507922172546,2.59331488609314,0
1922,3140,0.2430993765592575,2.59331488609314,0
1923,3141,0.3212912976741791,2.59331488609314,0
1924,3142,0.1810073405504226,2.5912234783172607,0
1925,3143,0.2756853997707367,2.5912234783172607,0
1926,3144,0.1866897642612457,2.5912234783172607,0
1927,3145,0.3357861936092376,2.692192316055298,0
1928,3146,0.1878094524145126,2.692192316055298,0
1929,3147,0.2151770740747451,2.692192316055298,0
1930,3148,0.1451846957206726,3.526708602905273,0
1931,3149,0.1926091909408569,3.526708602905273,0
1932,3150,0.1390185505151748,3.526708602905273,0
1933,3151,0.2556422650814056,3.001791715621948,0
1934,3152,0.1752444356679916,3.001791715621948,0
1935,3153,0.1565456092357635,2.877628326416016,0
1936,3154,0.1910892128944397,2.877628326416016,0
1937,3155,0.1642916798591613,3.0227315425872803,0
1938,3156,0.1390473991632461,3.0227315425872803,0
1939,3157,0.1424286812543869,2.858783483505249,0
1940,3158,0.0949702858924865,2.858783483505249,0
1941,3159,0.1589304804801941,3.0097193717956543,0
1942,3160,0.1027417406439781,3.0097193717956543,0
1943,3161,0.1403780281543731,2.8940131664276123,0
1944,3162,0.1042807772755622,2.8940131664276123,0
1945,3163,0.2265293002128601,3.314857006072998,0
1946,3164,0.1087198108434677,3.314857006072998,0
1947,3165,0.2531811594963074,2.538125991821289,0
1948,3166,0.1127844378352165,2.538125991821289,0
1949,3167,0.1982730627059936,2.538125991821289,0
1950,3168,0.1362917870283126,2.541337013244629,0
1951,3169,0.1378340125083923,2.541337013244629,0
1952,3170,0.1557279229164123,2.541337013244629,0
1953,3171,0.1290885955095291,3.3538260459899902,0
1954,3172,0.159914419054985,3.3538260459899902,0
1955,3173,0.1185392662882804,3.3538260459899902,0
1956,3174,0.1598505526781082,2.588632583618164,0
1957,3175,0.1566529721021652,2.588632583618164,0
1958,3176,0.1601868271827697,2.588632583618164,0
1959,3177,0.0855785682797432,2.997019529342652,0
1960,3178,0.1139723435044288,2.997019529342652,0
1961,3179,0.0765815004706382,2.997019529342652,0
1962,3180,0.1367283165454864,2.6301090717315674,0
1963,3181,0.0915910005569458,2.6301090717315674,0
1964,3182,0.1343658864498138,2.6301090717315674,0
1965,3183,0.0824698284268379,3.386056661605835,0
1966,3184,0.1464586704969406,3.386056661605835,0
1967,3185,0.07983860373497,3.386056661605835,0
1968,3186,0.1027594879269599,2.4462549686431885,0
1969,3187,0.0330963619053363,2.4462549686431885,0
1970,3188,0.1218103468418121,2.4462549686431885,0
1971,3189,0.1003478020429611,2.6378581523895264,0
1972,3190,0.1467693001031875,2.6378581523895264,0
1973,3191,0.0520138815045356,2.703445672988892,0
1974,3192,0.0918138027191162,2.703445672988892,0
1975,3193,0.056140623986721,2.703445672988892,0
1976,3194,0.0922933295369148,2.857594490051269,0
1977,3195,0.0322019234299659,2.857594490051269,0
1978,3196,0.0632648915052414,3.312983751296997,0
1979,3197,0.03927693516016,3.312983751296997,0
1980,3198,0.0705295279622078,3.555363893508911,0
1981,3199,0.0377928130328655,3.555363893508911,0
1982,3200,0.074748583137989,3.7058377265930176,0
1983,3201,0.0350473225116729,3.7058377265930176,0
1984,3202,0.0332930535078048,2.9532480239868164,0
1985,3203,0.0318096429109573,2.9532480239868164,0
1986,3204,0.0230098366737365,3.6731514930725098,0
1987,3205,0.0328642427921295,3.6731514930725098,0
1988,3206,0.0666465833783149,3.5143747329711914,0
1989,3207,0.0963909402489662,3.5143747329711914,0
1990,3208,0.0312237851321697,3.5143747329711914,0
1991,3209,0.0416331402957439,4.23786211013794,0
1992,3210,0.051261618733406,4.23786211013794,0
1993,3211,0.0262964311987161,4.23786211013794,0
1994,3212,0.041484709829092,4.150112628936768,0
1995,3213,0.0382569842040538,4.150112628936768,0
1996,3214,0.0510183610022068,3.993656873703003,0
1997,3215,0.0177475865930318,3.993656873703003,0
1998,3216,0.0399095192551612,3.993656873703003,0
1999,3217,0.0173274949193,2.576547622680664,0
2000,3218,0.0220582913607358,2.607548236846924,0
2001,3219,0.0091989245265722,2.607548236846924,0
2002,3220,0.046088945120573,2.3596746921539307,0
2003,3221,0.024426756426692,2.3596746921539307,0
2004,3222,0.0223481599241495,2.6864712238311768,0
2005,3223,0.0221218913793563,2.6864712238311768,0
2006,3224,0.0281744301319122,2.6864712238311768,0
2007,3225,0.0214877072721719,2.6864712238311768,0
2008,3226,0.0240888651460409,2.7730696201324463,0
2009,3227,0.0198763385415077,2.7730696201324463,0
2010,3228,0.018813133239746,2.7730696201324463,0
2011,3229,0.0383896939456462,3.709038019180298,0
2012,3230,0.0301140155643224,3.709038019180298,0
2013,3231,0.0501637123525142,3.709038019180298,0
2014,3232,0.0330841280519962,3.109550952911377,0
2015,3233,0.0333324037492275,3.109550952911377,0
2016,3234,0.0396360531449317,2.883798599243164,0
2017,3235,0.0343442186713218,2.883798599243164,0
2018,3236,0.0200494267046451,2.578955173492432,0
2019,3237,0.0263500660657882,2.578955173492432,0
2020,3238,0.0482010655105114,2.941678285598755,0
2021,3239,0.0314184539020061,2.941678285598755,0
2022,3240,0.0382799431681633,3.109051465988159,0
2023,3241,0.0569134093821048,3.109051465988159,0
2024,3242,0.0527385063469409,3.256664037704468,0
2025,3243,0.0589139051735401,3.256664037704468,0
2026,3244,0.0826468244194984,2.7127902507781982,0
2027,3245,0.0533111579716205,2.7127902507781982,0
2028,3246,0.0807489976286888,2.7127902507781982,0
2029,3247,0.0549985691905021,3.0645718574523926,0
2030,3248,0.0701724588871002,3.0645718574523926,0
2031,3249,0.0385551340878009,3.0645718574523926,0
2032,3250,0.0709285214543342,3.2212436199188232,0
2033,3251,0.0301659237593412,3.2212436199188232,0
2034,3252,0.1190718114376068,3.4463698863983154,0
2035,3253,0.0659805759787559,3.4463698863983154,0
2036,3254,0.1300627440214157,3.4463698863983154,0
2037,3255,0.0714925527572631,3.13500452041626,0
2038,3256,0.1394374072551727,3.13500452041626,0
2039,3257,0.0941792204976081,3.13500452041626,0
2040,3258,0.0673468708992004,3.3714070320129395,0
2041,3259,0.0949958264827728,3.3714070320129395,0
2042,3260,0.0672569945454597,3.3714070320129395,0
2043,3261,0.0845914259552955,2.7825257778167725,0
2044,3262,0.0662177503108978,2.7825257778167725,0
2045,3263,0.0971119925379753,2.7825257778167725,0
2046,3264,0.1220011562108993,3.162590980529785,0
2047,3265,0.0851568952202797,3.162590980529785,0
2048,3266,0.1295432299375534,3.162590980529785,0
2049,3267,0.0928076952695846,3.0772945880889893,0
2050,3268,0.1226374953985214,3.0772945880889893,0
2051,3269,0.0347572527825832,3.0772945880889893,0
2052,3270,0.128302201628685,2.9972357749938965,0
2053,3271,0.0465985760092735,2.9972357749938965,0
2054,3272,0.1536222249269485,3.1047096252441406,0
2055,3273,0.0431582778692245,3.1047096252441406,0
2056,3274,0.122662715613842,3.898730516433716,0
2057,3275,0.0893221423029899,3.898730516433716,0
2058,3276,0.1090255677700042,3.4827423095703125,0
2059,3277,0.0485985204577446,3.4827423095703125,0
2060,3278,0.1156236454844474,3.4587032794952397,0
2061,3279,0.046244278550148,3.4587032794952397,0
2062,3280,0.0394337549805641,3.535181760787964,0
2063,3281,0.0500792600214481,3.535181760787964,0
2064,3282,0.0268372129648923,4.742825508117676,0
2065,3283,0.0493623130023479,4.742825508117676,0
2066,3284,0.0423153117299079,4.742825508117676,0
2067,3285,0.0545382797718048,4.559578895568848,0
2068,3286,0.0521944090723991,4.559578895568848,0
2069,3287,0.0466843210160732,3.7929651737213135,0
2070,3288,0.0675016418099403,3.7929651737213135,0
2071,3289,0.0577844195067882,3.7929651737213135,0
2072,3290,0.0845499709248542,4.092824935913086,0
2073,3291,0.034214574843645,4.092824935913086,0
2074,3292,0.0778704658150672,4.092824935913086,0
2075,3293,0.052454899996519,4.126803874969482,0
2076,3294,0.0781424641609191,4.126803874969482,0
2077,3295,0.0352092757821083,4.126803874969482,0
2078,3296,0.1283060908317566,4.190174579620361,0
2079,3297,0.0603190474212169,4.190174579620361,0
2080,3298,0.1382197439670562,4.190174579620361,0
2081,3299,0.0761379525065422,4.386771202087402,0
2082,3300,0.1805440038442611,4.386771202087402,0
2083,3301,0.0843283459544181,4.386771202087402,0
2084,3302,0.0529618859291076,3.795667171478272,0
2085,3303,0.0724409595131874,3.795667171478272,0
2086,3304,0.0703067705035209,3.795667171478272,0
2087,3305,0.1069082468748092,3.5078015327453613,0
2088,3306,0.1048729121685028,3.5078015327453613,0
2089,3307,0.079464204609394,3.5078015327453613,0
2090,3308,0.0989844426512718,4.213332176208496,0
2091,3309,0.0864350497722625,4.213332176208496,0
2092,3310,0.1179964020848274,4.909063816070557,0
2093,3311,0.1044454798102378,4.909063816070557,0
2094,3312,0.1213307008147239,4.909063816070557,0
2095,3313,0.039908405393362,4.797545433044434,0
2096,3314,0.1139205172657966,4.797545433044434,0
2097,3315,0.0450840331614017,4.803071022033691,0
2098,3316,0.0809587761759758,4.803071022033691,0
2099,3317,0.0837054550647735,4.797545433044434,0
2100,3318,0.0862281993031501,4.797545433044434,0
2101,3319,0.0550617910921573,4.950146198272705,0
2102,3320,0.0729191973805427,4.950146198272705,0
2103,3321,0.0982841402292251,6.6820454597473145,0
2104,3322,0.060264479368925,6.6820454597473145,0
2105,3323,0.0632771030068397,7.975274085998535,0
2106,3324,0.030130011960864,7.975274085998535,0
2107,3325,0.0616669692099094,7.975274085998535,0
2108,3326,0.0436557978391647,8.657251358032227,0
2109,3327,0.0829054936766624,8.657251358032227,0
2110,3328,0.0438271127641201,8.657251358032227,0
2111,3329,0.0667727813124656,8.701749801635742,0
2112,3330,0.0830297395586967,8.701749801635742,0
2113,3331,0.0587284415960311,8.738139152526855,0
2114,3332,0.088480144739151,8.738139152526855,0
2115,3333,0.0647458508610725,8.738139152526855,0
2116,3334,0.0772820264101028,7.72557258605957,0
2117,3335,0.0278247073292732,7.72557258605957,0
2118,3336,0.0397728942334651,7.72557258605957,0
2119,3337,0.0353976003825664,1.722632884979248,1
2120,3640,0.1230965107679367,1.037907958030701,0
2121,3641,0.0542083196341991,1.037907958030701,0
2122,3642,0.1078138872981071,0.907615602016449,0
2123,3643,0.0843556672334671,0.907615602016449,0
2124,3644,0.0447888597846031,0.9564749598503112,0
2125,3645,0.0665664747357368,0.9564749598503112,0
2126,3646,0.050017487257719,0.912757158279419,0
2127,3647,0.0854241028428077,0.9165113568305968,0
2128,3648,0.0386896878480911,0.8180126547813416,0
2129,3649,0.0788232833147049,0.8180126547813416,0
2130,3650,0.0416113175451755,0.8180126547813416,0
2131,3651,0.0709150731563568,1.8683208227157595,0
2132,3652,0.0675748363137245,1.8683208227157595,0
2133,3653,0.0935253947973251,1.8683208227157595,0
2134,3654,0.0654184371232986,2.832030296325684,0
2135,3655,0.0410513915121555,2.832030296325684,0
2136,3656,0.0703184455633163,2.625559568405152,0
2137,3657,0.0739689990878105,2.625559568405152,0
2138,3658,0.1297892332077026,2.625559568405152,0
2139,3659,0.1129426136612892,2.5328876972198486,0
2140,3660,0.0650164261460304,2.5328876972198486,0
2141,3661,0.0995773077011108,2.5328876972198486,0
2142,3662,0.0733473375439643,3.191513061523437,0
2143,3663,0.0448215194046497,3.191513061523437,0
2144,3664,0.0641801580786705,3.191513061523437,0
2145,3665,0.070972204208374,3.487423896789551,0
2146,3666,0.0404553897678852,3.487423896789551,0
2147,3667,0.0545715764164924,3.487423896789551,0
2148,3668,0.0507597252726554,3.0966970920562744,0
2149,3669,0.0578252375125885,3.0966970920562744,0
2150,3670,0.058634202927351,3.0966970920562744,0
2151,3671,0.0389046855270862,3.0966970920562744,0
2152,3672,0.0409374684095382,2.9121105670928955,0
2153,3673,0.0730614066123962,2.9121105670928955,0
2154,3674,0.0560999438166618,1.4982026815414429,0
2155,3675,0.108298435807228,1.4982026815414429,0
2156,3676,0.0579758025705814,1.4982026815414429,0
2157,3677,0.0826553478837013,1.4008748531341553,0
2158,3678,0.070515938103199,1.4008748531341553,0
2159,3679,0.0909155309200286,2.670475959777832,0
2160,3680,0.0759961158037185,2.670475959777832,0
2161,3681,0.1001938506960868,3.599196672439575,0
2162,3682,0.0889294445514679,3.6091814041137695,0
2163,3683,0.1038577333092689,3.610413074493408,0
2164,3684,0.0839295089244842,3.610413074493408,0
2165,3685,0.1326569765806198,3.610413074493408,0
2166,3686,0.0917318686842918,3.7048821449279785,0
2167,3687,0.0768825337290763,3.7048821449279785,0
2168,3688,0.0609908252954483,3.2824349403381348,0
2169,3689,0.1298815608024597,3.2824349403381348,0
2170,3690,0.0736301019787788,3.2824349403381348,0
2171,3691,0.0925015062093734,3.539702177047729,0
2172,3692,0.0451915003359317,3.539702177047729,0
2173,3693,0.1842785030603408,3.539702177047729,0
2174,3694,0.0810529813170433,3.4805104732513428,0
2175,3695,0.1454029381275177,3.4816689491271973,0
2176,3696,0.0817714631557464,3.63158917427063,0
2177,3697,0.131107360124588,3.63158917427063,0
2178,3698,0.1445211470127105,3.63158917427063,0
2179,3699,0.111933022737503,2.575396776199341,0
2180,3700,0.1214906573295593,2.575396776199341,0
2181,3701,0.1451969146728515,2.575396776199341,0
2182,3702,0.0779044926166534,3.489776611328125,0
2183,3703,0.075031079351902,3.489776611328125,0
2184,3704,0.0946094766259193,3.489776611328125,0
2185,3705,0.0056786271743476,4.39298677444458,0
2186,3706,0.0224518179893493,4.39298677444458,0
2187,3707,0.0170476548373699,4.39298677444458,0
2188,3708,0.0142251504585146,4.39298677444458,0
2189,3709,0.0034740762785077,4.985161781311035,0
2190,3710,0.0114521589130163,4.985161781311035,0
2191,3711,0.0035830091219395,4.985161781311035,0
2192,3712,0.0064963470213115,3.0255134105682373,0
2193,3713,0.0046512642875313,3.0255134105682373,0
2194,3714,0.0142460400238633,3.251919746398926,0
2195,3715,0.0109629416838288,3.2990424633026123,0
2196,3716,0.0202599801123142,3.553682565689087,0
2197,3717,0.0093797137960791,3.553682565689087,0
2198,3718,0.0065196650102734,3.87132740020752,0
2199,3719,0.0015346014406532,3.87132740020752,0
2200,3720,0.0033747707493603,1.7095133066177368,0
2201,3721,0.0015473290113732,1.7095133066177368,0
2202,3722,0.0076160044409334,0.7502684593200684,0
2203,3723,0.0,0.7518262267112732,0
2204,3724,0.0029839971102774,0.7518262267112732,0
2205,3725,0.0095611680299043,1.052916169166565,0
2206,3726,0.0003551600966602,1.052916169166565,0
2207,3727,0.0037792115472257,1.1251858472824097,0
2208,3728,0.0046118618920445,1.117650270462036,0
2209,3729,0.0047529242001473,1.117650270462036,0
2210,3730,0.0034250835888087,1.3641263246536257,0
2211,3731,0.0052467230707407,1.3641263246536257,0
2212,3732,0.0020128211472183,1.33976149559021,0
2213,3733,0.0043076565489172,1.33976149559021,0
2214,3734,0.0018620705232024,1.33976149559021,0
2215,3735,0.0,1.247555375099182,0
2216,3736,0.0041112191975116,1.247555375099182,0
2217,3737,0.0,1.247555375099182,0
2218,3738,0.0038675910327583,1.0009286403656006,0
2219,3739,0.0,1.0009286403656006,0
2220,3740,0.0025891647674143,1.0009286403656006,0
2221,3741,0.0,1.511995792388916,0
2222,3742,0.0059442673809826,1.511995792388916,0
2223,3743,0.0,1.511995792388916,0
2224,3744,0.0961704403162002,0.1209212690591812,0
2225,3745,0.0002773976302705,0.1248811930418014,0
2226,3746,0.0733367726206779,0.1248811930418014,0
2227,3747,0.0131242470815777,0.2268262952566146,0
2228,3748,0.1099839136004448,0.2306572496891021,0
2229,3749,0.0134782446548342,0.2306572496891021,0
2230,3750,0.0879921317100524,0.3702500462532043,0
2231,3751,0.0132694514468312,0.3702500462532043,0
2232,3752,0.1497690379619598,0.3702500462532043,0
2233,3753,0.0078446110710501,0.3717021048069,0
2234,3754,0.1312127858400344,0.3717021048069,0
2235,3755,0.1411433219909668,0.3203743398189544,0
2236,3756,0.1603042334318161,0.3203743398189544,0
2237,3757,0.1081257462501525,0.2249478101730346,0
2238,3758,0.1203258112072944,0.2249478101730346,0
2239,3759,0.1405752301216125,0.1611953377723693,0
2240,3760,0.1722630113363266,0.1611953377723693,0
2241,3761,0.0776116028428077,0.1447289437055587,0
2242,3762,0.1475408673286438,0.1447289437055587,0
2243,3763,0.1162239462137222,0.0956231579184532,0
2244,3764,0.1172323524951934,0.0939678996801376,0
2245,3765,0.0744712427258491,0.052316315472126,0
2246,3766,0.0485004261136055,0.052316315472126,0
2247,3767,0.061304859817028,0.0717281103134155,0
2248,3768,0.0568750910460948,0.0717281103134155,0
2249,3769,0.0118399364873766,0.0717281103134155,0
2250,3770,0.0581434182822704,0.1266948878765106,0
2251,3771,0.0135197155177593,0.1366597265005111,0
2252,3772,0.0273621082305908,0.1338158696889877,0
2253,3773,0.0122311329469084,0.1338158696889877,0
2254,3774,0.0108500737696886,0.1338158696889877,0
2255,3775,0.0180209279060363,0.1206077635288238,0
2256,3776,0.0161160565912723,0.1248885244131088,0
2257,3777,0.0097286310046911,0.1248885244131088,0
2258,3778,0.0093754595145583,0.1065369620919227,0
2259,3779,0.0014848354039713,0.1065369620919227,0
2260,3780,0.0102432491257786,0.102102093398571,0
2261,3781,0.0065734800882637,0.1618134975433349,0
2262,3782,0.0005736352759413,0.160972848534584,0
2263,3783,0.0017537150997668,0.1629318445920944,0
2264,3784,0.0013653574278578,0.1629318445920944,0
2265,3785,0.0014535188674926,0.1629318445920944,0
2266,3786,0.0041780779138207,0.1629318445920944,0
2267,3787,0.0088159767910838,0.1058335378766059,0
2268,3788,0.0030889643821865,0.1058335378766059,0
2269,3789,0.0008599607972428,0.1058335378766059,0
2270,3790,0.005404703784734,0.0657732710242271,0
2271,3791,0.0013882562052458,0.0633408278226852,0
2272,3792,0.0050747478380799,0.0633408278226852,0
2273,3793,0.0040648891590535,0.0633408278226852,0
2274,3794,0.0126111088320612,0.0805653929710388,0
2275,3795,0.0060167699120938,0.0805653929710388,0
2276,3796,0.0152871003374457,0.1140541285276413,0
2277,3797,0.0033363080583512,0.1140541285276413,0
2278,3798,0.0101766483858227,0.1140541285276413,0
2279,3799,0.0071559227071702,0.102472648024559,0
2280,3800,0.0140524758026003,0.0870678648352623,0
2281,3801,0.0084689641371369,0.0870678648352623,0
2282,3802,0.0175792668014764,0.0870678648352623,0
2283,3803,0.0008073286153376,0.0888388901948928,0
2284,3804,0.0534641370177269,0.1022851839661598,0
2285,3805,0.0400320030748844,0.1022851839661598,0
2286,3806,0.041830763220787,0.1022851839661598,0
2287,3807,0.0115171018987894,0.0876099318265914,0
2288,3808,0.1410683244466781,0.0876099318265914,0
2289,3809,0.0152715109288692,0.0514170452952384,0
2290,3810,0.0410141944885253,0.0514170452952384,0
2291,3811,0.0049287001602351,0.0514170452952384,0
2292,3812,0.0482689104974269,0.0476465448737144,0
2293,3813,0.0035664017777889,0.0498418249189853,0
2294,3814,0.0138832014054059,0.0498418249189853,0
2295,3815,0.0025902793277055,0.0826821252703666,0
2296,3816,0.0291002411395311,0.0826821252703666,0
2297,3817,0.0063550928607583,0.0812663361430168,0
2298,3818,0.0041258484125137,0.0796518623828888,0
2299,3819,0.0222442764788866,0.0896113887429237,0
2300,3820,0.0100778406485915,0.0881968215107917,0
2301,3821,0.0252007544040679,0.0881968215107917,0
2302,3822,0.0076171988621354,0.0776490792632103,0
2303,3823,0.0152934631332755,0.0781994760036468,0
2304,3824,0.0014021884417161,0.0781994760036468,0
2305,3825,0.0607806146144866,0.0850058421492576,1
2306,3997,0.8247390389442444,2.876651763916016,0
2307,3998,0.443563163280487,2.9026808738708496,0
2308,3999,0.6553484797477722,2.9026808738708496,0
2309,4000,0.3826446235179901,2.893967390060425,0
2310,4001,0.4262717068195343,2.893967390060425,0
2311,4002,0.4242562055587768,2.8496181964874268,0
2312,4003,0.6361489295959473,2.8496181964874268,0
2313,4004,0.5559738874435425,2.902024030685425,0
2314,4005,0.3566371202468872,2.902024030685425,0
2315,4006,0.3798311352729797,1.471139669418335,0
2316,4007,0.5647783875465393,1.471139669418335,0
2317,4008,0.6359526515007019,1.471139669418335,0
2318,4009,0.7669317126274109,0.6380091309547424,0
2319,4010,0.5650085210800171,0.6380091309547424,0
2320,4011,0.8431543707847595,0.6380091309547424,0
2321,4012,0.753270149230957,0.717195987701416,0
2322,4013,0.5990765690803528,0.717195987701416,0
2323,4014,0.5946452617645264,0.717195987701416,0
2324,4015,0.4294676780700683,0.6634358763694763,0
2325,4016,0.5219335556030273,0.6634358763694763,0
2326,4017,0.640133798122406,0.699706494808197,0
2327,4018,0.5401474237442017,0.699706494808197,0
2328,4019,0.5713866949081421,0.699706494808197,0
2329,4020,0.3871524333953857,0.7101759910583496,0
2330,4021,0.6639933586120605,0.7101759910583496,0
2331,4022,0.5438101887702942,0.7101759910583496,0
2332,4023,0.372501015663147,0.893977165222168,0
2333,4024,0.2399164140224456,0.893977165222168,0
2334,4025,0.231162279844284,0.893977165222168,0
2335,4026,0.1410769373178482,1.792202353477478,0
2336,4027,0.0949902758002281,1.792202353477478,0
2337,4028,0.1094390973448753,1.6461730003356934,0
2338,4029,0.1414027661085128,1.6461730003356934,0
2339,4030,0.1294408589601516,1.6461730003356934,0
2340,4031,0.1243974342942237,0.4615395069122314,0
2341,4032,0.1127013340592384,0.4615395069122314,0
2342,4033,0.0706466883420944,0.4615395069122314,0
2343,4034,0.0616520345211029,0.7765505313873291,0
2344,4035,0.0397404618561267,0.7783909440040588,0
2345,4036,0.1109561994671821,0.7783909440040588,0
2346,4037,0.0516398027539253,0.8048311471939087,0
2347,4038,0.0622929967939853,0.8048311471939087,0
2348,4039,0.0514550805091857,0.8128370642662048,0
2349,4040,0.1032535806298255,0.8128370642662048,0
2350,4041,0.0474643483757972,0.5622054934501648,0
2351,4042,0.065441720187664,0.5622054934501648,0
2352,4043,0.0724355727434158,0.6618948578834534,0
2353,4044,0.0560932718217372,0.6627587676048279,0
2354,4045,0.0801797807216644,0.8266478180885315,0
2355,4046,0.0624583885073661,0.8266478180885315,0
2356,4047,0.1563107818365097,0.8266478180885315,0
2357,4048,0.0558063797652721,0.9767480492591858,0
2358,4049,0.1158493012189865,0.9767480492591858,0
2359,4050,0.0801856890320777,1.0848740339279177,0
2360,4051,0.1809519082307815,1.081972599029541,0
2361,4052,0.0662217587232589,1.081972599029541,0
2362,4053,0.2257130891084671,1.061133861541748,0
2363,4054,0.0869737565517425,1.064375638961792,0
2364,4055,0.133929967880249,0.1721957623958587,0
2365,4056,0.1345199048519134,0.1721957623958587,0
2366,4057,0.1132494360208511,0.1721957623958587,0
2367,4058,0.1316900998353958,0.1353555172681808,0
2368,4059,0.099820576608181,0.1353555172681808,0
2369,4060,0.0844545736908912,0.1353555172681808,0
2370,4061,0.1350683718919754,0.1328438371419906,0
2371,4062,0.0839508771896362,0.1328438371419906,0
2372,4063,0.044164877384901,0.0655528530478477,0
2373,4064,0.0861494615674018,0.0655528530478477,0
2374,4065,0.1026641428470611,0.0655528530478477,0
2375,4066,0.0621801540255546,0.0655528530478477,0
2376,4067,0.0751508921384811,0.1218134984374046,0
2377,4068,0.0392489805817604,0.1218134984374046,0
2378,4069,0.0811413377523422,0.1218134984374046,0
2379,4070,0.0436169542372226,0.0384628884494304,0
2380,4071,0.0568782165646553,0.0384628884494304,0
2381,4072,0.0207068305462598,0.0384628884494304,0
2382,4073,0.0561837628483772,0.0171996317803859,0
2383,4074,0.0104822861030697,0.0171996317803859,0
2384,4075,0.1058569997549057,0.0210101772099733,0
2385,4076,0.0438239388167858,0.0210101772099733,0
2386,4077,0.0680004730820655,0.0402209646999836,0
2387,4078,0.0085180420428514,0.0402209646999836,0
2388,4079,0.0423276759684085,0.047736007720232,0
2389,4080,0.0778463259339332,0.047736007720232,0
2390,4081,0.0349906086921691,0.073643758893013,0
2391,4082,0.031897060573101,0.073643758893013,0
2392,4083,0.0542296059429645,0.0554947070777416,0
2393,4084,0.0721702277660369,0.0554947070777416,0
2394,4085,0.0291784554719924,0.1000439748167991,0
2395,4086,0.1124008819460868,0.1000439748167991,0
2396,4087,0.0625795722007751,0.1000439748167991,0
2397,4088,0.0953344404697418,0.133653774857521,0
2398,4089,0.0471298359334468,0.133653774857521,0
2399,4090,0.0507367253303527,0.133653774857521,0
2400,4091,0.184651494026184,0.1125285103917121,0
2401,4092,0.0775362178683281,0.1125285103917121,0
2402,4093,0.0252721216529607,0.1125285103917121,0
2403,4094,0.076349176466465,0.0892825126647949,0
2404,4095,0.1186453402042388,0.0892825126647949,0
2405,4096,0.111052967607975,0.0892825126647949,0
2406,4097,0.0090457098558545,0.0866222903132438,0
2407,4098,0.0471978038549423,0.0866222903132438,0
2408,4099,0.1119056642055511,0.0866222903132438,0
2409,4100,0.1037959977984428,0.0866222903132438,0
2410,4101,0.058570746332407,0.0682794973254203,0
2411,4102,0.1288109868764877,0.0682794973254203,0
2412,4103,0.1145173534750938,0.0682794973254203,0
2413,4104,0.2327736318111419,0.0418855957686901,0
2414,4105,0.05676294490695,0.0418855957686901,0
2415,4106,0.1006906032562255,0.0418855957686901,0
2416,4107,0.139862447977066,0.0413562171161174,0
2417,4108,0.1533274948596954,0.0413562171161174,0
2418,4109,0.0745542123913765,0.0413562171161174,0
2419,4110,0.0217453930526971,0.0147177632898092,0
2420,4111,0.1645512878894806,0.0147177632898092,0
2421,4112,0.0395715981721878,0.0147177632898092,0
2422,4113,0.1022562235593795,9.555475844535977e-05,0
2423,4114,0.0072277579456567,9.555475844535977e-05,0
2424,4115,0.1175544559955596,0.0177489221096038,0
2425,4116,0.0074525084346532,0.0177489221096038,0
2426,4117,0.1040964722633361,0.0382774919271469,0
2427,4118,0.0689257085323333,0.0382774919271469,0
2428,4119,0.2364712208509445,0.0375867262482643,0
2429,4120,0.0329295843839645,0.037373162806034,0
2430,4121,0.1501866281032562,0.0421720817685127,0
2431,4122,0.0736691504716873,0.0421720817685127,0
2432,4123,0.0333459749817848,0.0193472765386104,0
2433,4124,0.0075090462341904,0.0193472765386104,0
2434,4125,0.0563915073871612,0.0338652208447456,0
2435,4126,0.0162054877728223,0.0338652208447456,0
2436,4127,0.0342943519353866,0.0338652208447456,0
2437,4128,0.0197480879724025,0.0331751853227615,0
2438,4129,0.0398818552494049,0.0331751853227615,0
2439,4130,0.0323536917567253,0.0331751853227615,0
2440,4131,0.0728087276220321,0.032528169453144,0
2441,4132,0.0770428925752639,0.032528169453144,0
2442,4133,0.0953705087304115,0.0135299796238541,0
2443,4134,0.0631527304649353,0.0135299796238541,0
2444,4135,0.0782233029603958,0.0135299796238541,0
2445,4136,0.0544435679912567,0.0318828485906124,0
2446,4137,0.0706949457526207,0.0318828485906124,0
2447,4138,0.0555264241993427,0.0318828485906124,0
2448,4139,0.0854067504405975,0.037607591599226,0
2449,4140,0.1165893897414207,0.037607591599226,0
2450,4141,0.122754730284214,0.037607591599226,0
2451,4142,0.0983109846711158,0.0420330613851547,0
2452,4143,0.0879646018147468,0.0414733067154884,0
2453,4144,0.1338284909725189,0.0402671098709106,0
2454,4145,0.1236756071448326,0.0402671098709106,0
2455,4146,0.0736586153507232,0.0402671098709106,0
2456,4147,0.1367990672588348,0.0246044564992189,0
2457,4148,0.1274913549423217,0.0246044564992189,0
2458,4149,0.110189713537693,0.0246044564992189,0
2459,4150,0.1306986957788467,0.0329896099865436,0
2460,4151,0.0527024082839489,0.0331130139529705,0
2461,4152,0.0740875974297523,0.0313496366143226,0
2462,4153,0.0247699655592441,0.0313496366143226,0
2463,4154,0.0803798884153366,0.0313496366143226,0
2464,4155,0.0114426771178841,0.0280316211283206,0
2465,4156,0.098031185567379,0.0280316211283206,0
2466,4157,0.0469556711614131,0.0250685773789882,0
2467,4158,0.1245466396212577,0.0250685773789882,0
2468,4159,0.0243985410779714,0.0267471838742494,0
2469,4160,0.1980311274528503,0.0267471838742494,0
2470,4161,0.1191274747252464,0.0065861293114721,0
2471,4162,0.1408762335777282,0.0065861293114721,0
2472,4163,0.2494396716356277,0.0232439618557691,0
2473,4164,0.2697808444499969,0.0232439618557691,0
2474,4165,0.2053114473819732,0.0232439618557691,0
2475,4166,0.067543551325798,0.0243227798491716,0
2476,4167,0.2414024621248245,0.0243227798491716,0
2477,4168,0.2834713160991668,0.0458621196448802,0
2478,4169,0.1569088995456695,0.0458621196448802,0
2479,4170,0.1318016201257705,0.0458621196448802,1
2480,4475,0.0853162929415702,0.9660413265228271,0
2481,4476,0.0840114802122116,0.9621806144714355,0
2482,4477,0.0836464986205101,0.9621806144714355,0
2483,4478,0.0584768988192081,0.9036729335784912,0
2484,4479,0.1308343559503555,0.9036729335784912,0
2485,4480,0.0813827663660049,0.8831648826599121,0
2486,4481,0.0976462513208389,0.8831648826599121,0
2487,4482,0.0681214407086372,0.8831648826599121,0
2488,4483,0.0876542851328849,0.9414814114570618,0
2489,4484,0.1048353537917137,0.9414814114570618,0
2490,4485,0.0821956619620323,0.947744846343994,0
2491,4486,0.0490234121680259,0.947744846343994,0
2492,4487,0.1354820877313614,0.9561015367507936,0
2493,4488,0.1387461721897125,0.9536805748939514,0
2494,4489,0.1683304756879806,0.2582322657108307,0
2495,4490,0.1680153757333755,0.2598340809345245,0
2496,4491,0.065153494477272,0.2598340809345245,0
2497,4492,0.1899412870407104,0.2162552326917648,0
2498,4493,0.1295768320560455,0.1582779288291931,0
2499,4494,0.1375060230493545,0.1582779288291931,0
2500,4495,0.096222423017025,0.1774810552597046,0
2501,4496,0.1836206316947937,0.1774810552597046,0
2502,4497,0.1283101886510849,0.1774810552597046,0
2503,4498,0.1030748188495636,0.1157268211245536,0
2504,4499,0.1031999960541725,0.1164413914084434,0
2505,4500,0.1940105855464935,0.1897689998149871,0
2506,4501,0.1450372040271759,0.1897689998149871,0
2507,4502,0.2137558311223983,0.1897689998149871,0
2508,4503,0.0795973315834999,0.2366577535867691,0
2509,4504,0.2807408273220062,0.2355862557888031,0
2510,4505,0.1092993021011352,0.1567317992448806,0
2511,4506,0.1735779345035553,0.1525081992149353,0
2512,4507,0.1250097900629043,0.1525081992149353,0
2513,4508,0.1570919901132583,0.2454012185335159,0
2514,4509,0.0864019989967346,0.2454012185335159,0
2515,4510,0.1571220010519027,0.2454012185335159,0
2516,4511,0.0999539196491241,0.102371297776699,0
2517,4512,0.1362097263336181,0.1027331501245498,0
2518,4513,0.1442359387874603,0.1027331501245498,0
2519,4514,0.2965899705886841,0.1027331501245498,0
2520,4515,0.1279442310333252,0.0788608789443969,0
2521,4516,0.2477215528488159,0.0788608789443969,0
2522,4517,0.1342246830463409,0.0788608789443969,0
2523,4518,0.2012298852205276,0.0788608789443969,0
2524,4519,0.1437002569437027,0.0788608789443969,0
2525,4520,0.1656838208436966,0.2317831069231033,0
2526,4521,0.1621915847063064,0.2302236407995224,0
2527,4522,0.1712363809347152,0.2302236407995224,0
2528,4523,0.1130265444517135,2.2228124141693115,0
2529,4524,0.1294782012701034,2.216233253479004,0
2530,4525,0.1751778274774551,2.216233253479004,0
2531,4526,0.1572891324758529,3.305315494537353,0
2532,4527,0.2118677198886871,3.3275551795959477,0
2533,4528,0.1371712237596511,3.1829965114593506,0
2534,4529,0.3028532564640045,3.1829965114593506,0
2535,4530,0.243981122970581,2.782339572906494,0
2536,4531,0.4877044558525085,2.782339572906494,0
2537,4532,0.4738766252994537,2.5889625549316406,0
2538,4533,0.5535794496536255,2.5889625549316406,0
2539,4534,0.4412646293640136,2.366645812988281,0
2540,4535,0.5063186287879944,2.3782176971435547,0
2541,4536,0.4049211740493774,2.382070541381836,0
2542,4537,0.3806627690792084,2.382070541381836,0
2543,4538,0.3178998529911041,2.4239015579223637,0
2544,4539,0.3981087803840637,2.4239015579223637,0
2545,4540,0.3209096491336822,2.5326595306396484,0
2546,4541,0.4073965847492218,2.5326595306396484,0
2547,4542,0.4113917052745819,2.5326595306396484,0
2548,4543,0.4015814363956451,2.786537408828736,0
2549,4544,0.3952981531620025,2.786537408828736,0
2550,4545,0.3689188063144684,2.786537408828736,0
2551,4546,0.3368609547615051,2.958465576171875,0
2552,4547,0.3849662542343139,2.9527273178100586,0
2553,4548,0.352762907743454,2.9527273178100586,0
2554,4549,0.218829408288002,3.239173889160156,0
2555,4550,0.288646399974823,3.232177972793579,0
2556,4551,0.2129389643669128,3.353511095046997,0
2557,4552,0.4233854115009308,3.3280842304229736,0
2558,4553,0.5043904185295105,2.769516944885254,0
2559,4554,0.5173390507698059,2.769516944885254,0
2560,4555,0.4992208480834961,2.769516944885254,0
2561,4556,0.4829972088336944,2.769516944885254,0
2562,4557,0.5534127354621887,2.5463221073150635,0
2563,4558,0.387744128704071,2.5463221073150635,0
2564,4559,0.4987442195415497,2.5463221073150635,0
2565,4560,0.4279802441596985,1.841484785079956,0
2566,4561,0.4313486516475677,1.841484785079956,0
2567,4562,0.5426065325737,1.841484785079956,0
2568,4563,0.4158255755901336,1.841484785079956,0
2569,4564,0.561359703540802,1.949088215827942,0
2570,4565,0.4146251678466797,1.949088215827942,0
2571,4566,0.5907199382781982,1.9559751749038696,0
2572,4567,0.2374352514743805,2.0591135025024414,0
2573,4568,0.5208528637886047,2.0591135025024414,0
2574,4569,0.2013000845909118,2.011380910873413,0
2575,4570,0.4761489927768707,2.011380910873413,0
2576,4571,0.2750293314456939,2.029845952987671,0
2577,4572,0.4818178117275238,2.029845952987671,0
2578,4573,0.2498121112585067,2.0636231899261475,0
2579,4574,0.4116030037403106,2.0636231899261475,0
2580,4575,0.2787359654903412,3.728394985198975,0
2581,4576,0.3227143585681915,3.728394985198975,0
2582,4577,0.3417123556137085,3.6521735191345215,0
2583,4578,0.465790331363678,3.6521735191345215,0
2584,4579,0.2870146334171295,3.6521735191345215,0
2585,4580,0.4116300046443939,3.53008770942688,0
2586,4581,0.6998545527458191,3.53008770942688,0
2587,4582,0.2366914302110672,3.53008770942688,0
2588,4583,0.4583652913570404,3.357329130172729,0
2589,4584,0.2463111579418182,3.357329130172729,0
2590,4585,0.2450945675373077,3.475292682647705,0
2591,4586,0.1897040009498596,3.475292682647705,0
2592,4587,0.4299366772174835,3.475292682647705,0
2593,4588,0.366536796092987,3.417149305343628,0
2594,4589,0.3189275562763214,3.417149305343628,0
2595,4590,0.4015352129936218,3.338616132736206,0
2596,4591,0.2347940057516098,3.338616132736206,0
2597,4592,0.4180404543876648,3.38761568069458,0
2598,4593,0.2178949564695358,3.38761568069458,0
2599,4594,0.4612174034118652,3.38761568069458,0
2600,4595,0.309175968170166,3.013987302780152,0
2601,4596,0.2091767191886901,3.013987302780152,0
2602,4597,0.2740159034729004,3.013987302780152,0
2603,4598,0.524703860282898,3.0318408012390137,0
2604,4599,0.306827962398529,3.0318408012390137,0
2605,4600,0.1639474779367447,3.0318408012390137,0
2606,4601,1.0317060947418213,3.0318408012390137,0
2607,4602,0.5684729218482971,2.5564796924591064,0
2608,4603,0.9416921734809875,2.5564796924591064,0
2609,4604,0.4510625004768371,2.5564796924591064,0
2610,4605,0.6676993370056152,2.5564796924591064,0
2611,4606,0.458288699388504,2.863041639328003,0
2612,4607,0.42592853307724,2.863041639328003,0
2613,4608,0.4386540651321411,2.970017910003662,0
2614,4609,0.2805018723011017,2.970017910003662,0
2615,4610,0.4642252326011657,2.970017910003662,0
2616,4611,0.3801389038562774,2.856959819793701,0
2617,4612,0.4555059671401977,2.856959819793701,0
2618,4613,0.4596253633499145,2.5873141288757324,0
2619,4614,0.4021255373954773,2.5873141288757324,0
2620,4615,0.3902948200702667,2.665006399154663,0
2621,4616,0.3583888113498688,2.8853354454040527,0
2622,4617,0.2707250714302063,2.8853354454040527,0
2623,4618,0.2744197845458984,2.8853354454040527,0
2624,4619,0.2559550106525421,2.8262832164764404,0
2625,4620,0.3990667760372162,2.8262832164764404,0
2626,4621,0.4564057886600494,2.8262832164764404,0
2627,4622,0.5671072602272034,2.70417594909668,0
2628,4623,0.8304455280303955,2.70417594909668,0
2629,4624,0.3568329215049743,2.70417594909668,0
2630,4625,0.4852354228496551,2.771646499633789,0
2631,4626,0.2981241643428802,2.771646499633789,0
2632,4627,0.3731199502944946,2.7909836769104004,0
2633,4628,0.3486805260181427,2.794923782348633,0
2634,4629,0.3666836619377136,2.794923782348633,0
2635,4630,0.239272341132164,2.774198293685913,0
2636,4631,0.6089890003204346,2.774198293685913,0
2637,4632,0.4973256587982178,2.654210567474365,0
2638,4633,0.6781063079833984,2.654210567474365,0
2639,4634,0.6845580339431763,2.983323097229004,0
2640,4635,0.5947321653366089,2.983323097229004,0
2641,4636,0.4908826351165771,2.983323097229004,0
2642,4637,0.6011228561401367,2.817248582839966,0
2643,4638,0.5013943910598755,2.817248582839966,0
2644,4639,0.6417778134346008,2.817248582839966,0
2645,4640,0.555217981338501,2.817248582839966,0
2646,4641,0.7321618795394897,1.714600920677185,0
2647,4642,0.6578739285469055,1.714600920677185,0
2648,4643,0.8805170059204102,1.714600920677185,0
2649,4644,0.7437376379966736,1.714600920677185,0
2650,4645,0.7333253622055054,1.6783581972122192,0
2651,4646,0.6840981841087341,1.667170166969299,0
2652,4647,0.6541823744773865,1.667170166969299,0
2653,4648,0.5611807107925415,1.7364833354949951,0
2654,4649,0.4961578845977783,1.7364833354949951,0
2655,4650,0.4716007113456726,1.7364833354949951,0
2656,4651,0.5138833522796631,1.6748816967010498,0
2657,4652,0.5574802756309509,1.6748816967010498,0
2658,4653,0.5935456156730652,1.6011170148849487,0
2659,4654,0.6102346777915955,1.6011170148849487,0
2660,4655,0.7242833971977234,1.630220651626587,0
2661,4656,0.7364392280578613,1.630220651626587,0
2662,4657,0.509678065776825,1.1201761960983276,0
2663,4658,0.3160622119903564,1.1201761960983276,0
2664,4659,0.5311462879180908,0.98664790391922,0
2665,4660,0.3698190450668335,0.98664790391922,0
2666,4661,0.4951647520065307,0.98664790391922,0
2667,4662,0.4318685829639435,1.0965845584869385,0
2668,4663,0.5433152914047241,1.0965845584869385,0
2669,4664,0.6521857976913452,1.0965845584869385,0
2670,4665,0.5199816823005676,1.817270040512085,0
2671,4666,0.703987717628479,1.817270040512085,0
2672,4667,0.6410794854164124,1.817270040512085,0
2673,4668,0.640235424041748,1.333931565284729,0
2674,4669,0.4233725070953369,1.333931565284729,0
2675,4670,0.5176655650138855,1.6014976501464844,0
2676,4671,0.3863061964511871,1.6014976501464844,0
2677,4672,0.6056828498840332,0.983884572982788,0
2678,4673,0.5120034217834473,0.983884572982788,0
2679,4674,0.6121193170547485,0.9536970257759094,0
2680,4675,0.5185813307762146,0.9536970257759094,0
2681,4676,0.453774482011795,0.9005285501480103,0
2682,4677,0.570084273815155,0.9005285501480103,0
2683,4678,0.4256628751754761,0.9005285501480103,0
2684,4679,0.7045701146125793,0.9608033895492554,0
2685,4680,0.5595934391021729,0.9608033895492554,0
2686,4681,0.7967652678489685,0.9608033895492554,0
2687,4682,0.4552242159843445,1.851798176765442,0
2688,4683,0.5155153870582581,1.851798176765442,0
2689,4684,0.4686249792575836,1.851798176765442,0
2690,4685,0.7058638334274292,1.2603081464767456,0
2691,4686,0.588471531867981,1.2603081464767456,0
2692,4687,0.4360909461975097,1.2603081464767456,0
2693,4688,0.4615399241447449,1.2603081464767456,0
2694,4689,0.3993417918682098,1.3787081241607666,0
2695,4690,0.6246971487998962,1.3787081241607666,0
2696,4691,0.4457225203514099,1.3787081241607666,0
2697,4692,0.5935201048851013,1.409806728363037,0
2698,4693,0.4128954708576202,1.409806728363037,0
2699,4694,0.5344152450561523,1.409806728363037,0
2700,4695,0.3976810574531555,1.9938565492630005,0
2701,4696,0.4996011853218078,1.9938565492630005,0
2702,4697,0.5520450472831726,2.0793282985687256,0
2703,4698,0.6487047076225281,2.0864078998565674,0
2704,4699,0.5824999809265137,1.5819450616836548,0
2705,4700,0.671579897403717,1.5819450616836548,0
2706,4701,0.6044623851776123,1.5819450616836548,0
2707,4702,0.4424620866775512,1.0763343572616575,0
2708,4703,0.3764175176620483,1.0763343572616575,0
2709,4704,0.4203971624374389,1.0763343572616575,0
2710,4705,0.4055678248405456,0.9810431003570556,0
2711,4706,0.4175538420677185,0.9810431003570556,0
2712,4707,0.2722727656364441,0.9810431003570556,0
2713,4708,0.5104945302009583,1.0284688472747805,0
2714,4709,0.4655411541461944,1.0284688472747805,0
2715,4710,0.661247730255127,1.1238393783569336,0
2716,4711,0.6370641589164734,1.1238393783569336,0
2717,4712,0.4382994174957275,1.1238393783569336,0
2718,4713,0.4426403641700744,0.8111339211463928,0
2719,4714,0.5892151594161987,0.7406418919563293,0
2720,4715,0.700097918510437,0.7406418919563293,0
2721,4716,0.6964440941810608,0.6416180729866028,0
2722,4717,0.5716109275817871,0.6416180729866028,0
2723,4718,0.6963845491409302,0.5946140289306641,0
2724,4719,0.6269060969352722,0.5946140289306641,0
2725,4720,0.7294618487358093,0.5946140289306641,0
2726,4721,0.7213549613952637,1.976036548614502,0
2727,4722,0.819667398929596,1.976036548614502,0
2728,4723,0.7234390377998352,1.976036548614502,0
2729,4724,0.6488310098648071,2.690408229827881,0
2730,4725,0.6362883448600769,2.690408229827881,0
2731,4726,0.7033472061157227,2.690408229827881,0
2732,4727,0.596869170665741,2.690408229827881,0
2733,4728,0.5986047387123108,2.690408229827881,0
2734,4729,1.0625169277191162,2.375530481338501,0
2735,4730,0.8568251132965088,2.375530481338501,0
2736,4731,0.7834397554397583,2.375530481338501,0
2737,4732,0.7794684171676636,2.0428991317749023,0
2738,4733,1.062197208404541,2.0428991317749023,0
2739,4734,1.1232500076293943,2.4081387519836426,0
2740,4735,0.9917042255401612,2.4081387519836426,0
2741,4736,0.9487921595573424,2.5521316528320312,0
2742,4737,1.1045355796813965,2.5521316528320312,0
2743,4738,0.998608410358429,2.5521316528320312,0
2744,4739,1.038206934928894,2.4792239665985107,0
2745,4740,1.087355613708496,2.4814906120300293,0
2746,4741,1.0797522068023682,2.3710196018218994,0
2747,4742,0.8869947791099548,2.3710196018218994,0
2748,4743,1.1163043975830078,2.3710196018218994,0
2749,4744,0.8728647232055664,0.7836238741874695,0
2750,4745,0.827505886554718,0.7836238741874695,0
2751,4746,0.8399471044540405,0.7836238741874695,0
2752,4747,0.845787763595581,1.0124802589416504,0
2753,4748,0.8387769460678101,1.0124802589416504,0
2754,4749,0.7061728239059448,1.9240492582321167,0
2755,4750,0.7608715295791626,1.9240492582321167,0
2756,4751,0.6596904397010803,1.3912628889083862,0
2757,4752,0.7714547514915466,1.3968623876571655,0
2758,4753,0.6415196657180786,1.3968623876571655,0
2759,4754,0.5067234039306641,2.983713865280152,0
2760,4755,0.6646125316619873,2.969032526016236,0
2761,4756,0.4826154112815857,2.9972593784332275,0
2762,4757,0.5762059688568115,2.9972593784332275,0
2763,4758,0.4578494727611542,2.7647910118103027,0
2764,4759,0.7674167156219482,2.7647910118103027,0
2765,4760,0.4899097383022308,2.594759225845337,0
2766,4761,0.8324822187423706,2.594759225845337,0
2767,4762,0.5344968438148499,2.594759225845337,0
2768,4763,0.6781560182571411,2.747028112411499,0
2769,4764,0.6002711057662964,2.747028112411499,0
2770,4765,0.7313506603240967,2.747028112411499,0
2771,4766,0.5132930278778076,2.640605926513672,0
2772,4767,0.7104200720787048,2.640605926513672,0
2773,4768,0.5519543886184692,2.640605926513672,0
2774,4769,0.7504478693008423,2.640605926513672,0
2775,4770,0.6733490228652954,2.413582563400269,0
2776,4771,0.6400768756866455,2.412930965423584,0
2777,4772,0.527756929397583,2.412930965423584,0
2778,4773,0.5423574447631836,2.0519444942474365,0
2779,4774,0.6285677552223206,2.0519444942474365,0
2780,4775,0.661776065826416,2.141824722290039,0
2781,4776,0.6168774962425232,2.141824722290039,0
2782,4777,0.7990977764129639,2.472262144088745,0
2783,4778,0.6889669299125671,2.472262144088745,0
2784,4779,0.9045568704605104,2.472262144088745,0
2785,4780,0.8122025728225708,0.9949209094047546,0
2786,4781,0.7799193263053894,0.9949209094047546,0
2787,4782,0.7951682209968567,0.9949209094047546,0
2788,4783,0.6614284515380859,1.0439403057098389,0
2789,4784,0.4274108111858368,1.040596842765808,0
2790,4785,0.5326932072639465,1.152310132980347,0
2791,4786,0.3294333219528198,1.152310132980347,0
2792,4787,0.5764302015304565,1.152310132980347,0
2793,4788,0.3479806780815124,1.4312083721160889,0
2794,4789,0.4953968226909637,1.4312083721160889,0
2795,4790,0.3712654113769531,1.4312083721160889,0
2796,4791,0.3875516653060913,2.118220090866089,0
2797,4792,0.4086944162845611,2.118220090866089,0
2798,4793,0.510887622833252,1.4085195064544678,0
2799,4794,0.5368956327438354,2.09293270111084,0
2800,4795,0.4464202225208282,2.09293270111084,0
2801,4796,0.4941794872283935,2.09293270111084,0
2802,4797,0.6180432438850403,1.3628599643707275,0
2803,4798,0.4270167052745819,1.3628599643707275,0
2804,4799,0.3983047604560852,1.538298487663269,0
2805,4800,0.2950406074523926,1.5336434841156006,0
2806,4801,0.317182183265686,1.2953401803970337,0
2807,4802,0.3381097316741943,1.2988836765289309,0
2808,4803,0.365429013967514,1.0497207641601562,0
2809,4804,0.4442802965641022,1.0497207641601562,0
2810,4805,0.4338355660438537,1.0497207641601562,0
2811,4806,0.3900704681873321,0.9273180961608888,0
2812,4807,0.3576572239398956,0.9273180961608888,0
2813,4808,0.6395517587661743,0.9273180961608888,0
2814,4809,0.4064767062664032,0.9273180961608888,0
2815,4810,0.3539214432239532,1.307906985282898,0
2816,4811,0.2497145235538482,1.307906985282898,0
2817,4812,0.3657228052616119,1.307906985282898,0
2818,4813,0.3223024010658264,1.3597187995910645,0
2819,4814,0.4286756515502929,1.354271650314331,0
2820,4815,0.1865519285202026,1.354271650314331,0
2821,4816,0.2569459080696106,0.7520670294761658,0
2822,4817,0.2504339814186096,0.7520670294761658,0
2823,4818,0.2579474449157715,0.7520670294761658,0
2824,4819,0.2722265720367431,0.6359156966209412,0
2825,4820,0.3709381520748138,0.6359156966209412,0
2826,4821,0.3339291214942932,1.358862280845642,0
2827,4822,0.506017804145813,1.358862280845642,0
2828,4823,0.2461235225200653,1.358862280845642,0
2829,4824,0.2438404709100723,1.170778512954712,0
2830,4825,0.367901086807251,1.170778512954712,0
2831,4826,0.3789697885513305,1.170778512954712,0
2832,4827,0.5266081094741821,1.449255347251892,0
2833,4828,0.262372761964798,1.449255347251892,0
2834,4829,0.2634611427783966,0.8675218224525452,0
2835,4830,0.3204525113105774,0.8675218224525452,0
2836,4831,0.3800490796566009,0.744369387626648,0
2837,4832,0.3666492402553558,0.744369387626648,0
2838,4833,0.3744630217552185,0.7419548034667969,0
2839,4834,0.3032632768154144,0.74019455909729,0
2840,4835,0.3066949844360351,0.74019455909729,0
2841,4836,0.5356494188308716,1.463199257850647,0
2842,4837,0.2021474540233612,1.395897388458252,0
2843,4838,0.2564662396907806,1.3990641832351685,0
2844,4839,0.2918828129768371,1.3990641832351685,0
2845,4840,0.1617735475301742,1.5190763473510742,0
2846,4841,0.3189141750335693,1.5190763473510742,0
2847,4842,0.2610495984554291,1.4638689756393433,0
2848,4843,0.6226986646652222,1.4711785316467283,0
2849,4844,0.2352767139673233,1.4638689756393433,0
2850,4845,0.3503528833389282,0.9800691604614258,0
2851,4846,0.1444437354803085,0.9800691604614258,0
2852,4847,0.7016429305076599,0.9800691604614258,0
2853,4848,0.3128999471664428,1.539641261100769,0
2854,4849,0.2545914351940155,1.539641261100769,0
2855,4850,0.2878942191600799,1.539641261100769,0
2856,4851,0.5013247132301331,1.539641261100769,0
2857,4852,0.3748477697372436,2.2361395359039307,0
2858,4853,0.2655676305294037,2.2361395359039307,0
2859,4854,0.4290729761123657,2.38248348236084,0
2860,4855,0.7954569458961487,2.38248348236084,0
2861,4856,0.4423644840717315,2.38248348236084,0
2862,4857,0.653650164604187,2.0032336711883545,0
2863,4858,0.8302204608917236,2.0032336711883545,0
2864,4859,0.5746123790740967,2.0032336711883545,0
2865,4860,0.6698141694068909,1.924675703048706,0
2866,4861,0.6051207780838013,1.924675703048706,0
2867,4862,0.8091944456100464,1.924675703048706,0
2868,4863,0.9712997674942015,2.043906211853028,0
2869,4864,0.7945554256439209,2.043906211853028,0
2870,4865,0.7321339845657349,2.043906211853028,0
2871,4866,0.4496862590312958,2.0977623462677,0
2872,4867,0.9329100847244264,2.0977623462677,0
2873,4868,0.5936553478240967,2.0977623462677,0
2874,4869,0.6828843355178833,2.0321357250213623,0
2875,4870,0.6447060704231262,2.0321357250213623,0
2876,4871,0.7298794388771057,2.2376959323883057,0
2877,4872,0.6268330812454224,2.2357406616210938,0
2878,4873,0.4764645397663116,2.3756139278411865,0
2879,4874,0.6225400567054749,2.367889165878296,0
2880,4875,0.6289814114570618,2.367889165878296,0
2881,4876,0.3639108836650848,1.7328370809555054,0
2882,4877,0.3786959648132324,1.7328370809555054,0
2883,4878,0.3997419774532318,0.7196714878082275,0
2884,4879,0.3221521973609924,0.7196714878082275,0
2885,4880,0.3595772981643677,0.0654891207814216,0
2886,4881,0.3819662034511566,0.0654891207814216,0
2887,4882,0.3350462317466736,0.1297267228364944,0
2888,4883,0.3607495427131653,0.1297267228364944,0
2889,4884,0.3005955517292022,0.193422183394432,0
2890,4885,0.3151155412197113,0.193422183394432,0
2891,4886,0.3734793961048126,0.193422183394432,0
2892,4887,0.3689082264900207,0.3333128690719604,0
2893,4888,0.3967052698135376,0.3333128690719604,0
2894,4889,0.4498305916786194,0.3333128690719604,0
2895,4890,0.3355054557323456,0.3333128690719604,0
2896,4891,0.2314477860927581,0.5815975666046143,0
2897,4892,0.4793265759944916,0.5835546851158142,0
2898,4893,0.1622834056615829,0.5835546851158142,0
2899,4894,0.2510859668254852,0.6635722517967224,0
2900,4895,0.2542712986469269,0.6635722517967224,0
2901,4896,0.3800016343593597,0.6635722517967224,0
2902,4897,0.2946260869503021,0.730663001537323,0
2903,4898,0.4359022378921509,0.730663001537323,0
2904,4899,0.3891695439815521,1.3857011795043943,0
2905,4900,0.4577491879463196,1.3857011795043943,0
2906,4901,0.3163653612136841,1.3857011795043943,0
2907,4902,0.2255866229534149,0.914216697216034,0
2908,4903,0.5099143981933594,0.914216697216034,0
2909,4904,0.2779394388198852,0.914216697216034,0
2910,4905,0.2846021056175232,1.0541064739227295,0
2911,4906,0.4728384912014007,1.0538275241851809,0
2912,4907,0.3149633407592773,1.0538275241851809,0
2913,4908,0.3069033622741699,2.0465750694274902,0
2914,4909,0.1958117336034774,2.0465750694274902,0
2915,4910,0.2318475097417831,2.204620361328125,0
2916,4911,0.1269146502017974,2.204620361328125,0
2917,4912,0.1818900257349014,1.4715840816497805,0
2918,4913,0.1819145828485489,1.4715840816497805,0
2919,4914,0.2681926786899566,1.503895282745361,0
2920,4915,0.2347593456506729,1.503895282745361,0
2921,4916,0.1175227835774421,1.842406988143921,0
2922,4917,0.2134968936443328,1.842406988143921,0
2923,4918,0.2004119306802749,1.842406988143921,0
2924,4919,0.189584344625473,1.2116947174072266,0
2925,4920,0.2362155318260193,1.217987895011902,0
2926,4921,0.2867393493652344,1.217987895011902,0
2927,4922,0.3389287889003753,1.217987895011902,0
2928,4923,0.2715194523334503,1.7149876356124878,0
2929,4924,0.207537367939949,1.7149876356124878,0
2930,4925,0.2537268102169037,1.7149876356124878,0
2931,4926,0.1697487086057663,1.6728074550628662,0
2932,4927,0.1069697067141532,1.6728074550628662,0
2933,4928,0.1523194313049316,1.6728074550628662,0
2934,4929,0.0775670558214187,1.5479207038879397,0
2935,4930,0.1825566440820694,1.5479207038879397,0
2936,4931,0.1479582637548446,1.557903289794922,0
2937,4932,0.2672165930271148,1.557903289794922,0
2938,4933,0.1451586037874221,0.5827847123146057,0
2939,4934,0.2386777102947235,0.5827847123146057,0
2940,4935,0.1154468730092048,0.5827847123146057,0
2941,4936,0.2406294047832489,0.6142354011535645,0
2942,4937,0.2264298051595688,0.6142354011535645,0
2943,4938,0.1670393049716949,0.6142354011535645,0
2944,4939,0.1157090291380882,0.7569165229797363,0
2945,4940,0.1509339213371276,0.7569165229797363,0
2946,4941,0.1232760399580001,0.7364519834518433,0
2947,4942,0.2745261788368225,0.7364519834518433,0
2948,4943,0.0549293868243694,0.7364519834518433,0
2949,4944,0.1880813837051391,0.6818576455116272,0
2950,4945,0.1108978167176246,0.6818576455116272,0
2951,4946,0.0738101676106453,0.6818576455116272,0
2952,4947,0.0537996850907802,0.6337598562240601,0
2953,4948,0.2235388904809951,0.6337598562240601,0
2954,4949,0.1230494007468223,0.5693975687026978,0
2955,4950,0.2400586307048797,0.5734356045722961,0
2956,4951,0.06348367780447,0.6423463821411133,0
2957,4952,0.1182697936892509,0.6384533643722534,0
2958,4953,0.1405587196350097,0.6384533643722534,0
2959,4954,0.1070928871631622,0.7142438888549805,0
2960,4955,0.1101318672299385,0.6425644755363464,0
2961,4956,0.0156985390931367,0.6425644755363464,0
2962,4957,0.1386842131614685,0.6425644755363464,0
2963,4958,0.1476009488105774,0.6604687571525574,0
2964,4959,0.1528158634901046,0.663517415523529,0
2965,4960,0.18422831594944,0.4866797029972076,0
2966,4961,0.115255981683731,0.4866797029972076,0
2967,4962,0.1857662200927734,0.0004733460664283,0
2968,4963,0.2164815664291381,0.0004781847237609,0
2969,4964,0.1533673703670501,0.0004781847237609,0
2970,4965,0.4436531960964203,5.2478873840300366e-05,0
2971,4966,0.135414570569992,5.094835432828404e-05,0
2972,4967,0.2982931435108185,5.094835432828404e-05,0
2973,4968,0.0836562141776084,0.0137145230546593,0
2974,4969,0.5310418009757996,0.0137145230546593,0
2975,4970,0.1129669994115829,0.0127606708556413,0
2976,4971,0.5661335587501526,0.0079954890534281,0
2977,4972,0.044315118342638,0.0079954890534281,0
2978,4973,0.1891883462667465,0.0079954890534281,0
2979,4974,0.0147930830717086,0.4941072463989258,0
2980,4975,0.0849189609289169,0.4941072463989258,0
2981,4976,0.0345024913549423,0.4515095055103302,0
2982,4977,0.0918503999710083,0.4515095055103302,0
2983,4978,0.0304726343601942,0.4515095055103302,0
2984,4979,0.0475524179637432,0.8119797110557556,0
2985,4980,0.1136996820569038,0.8119797110557556,0
2986,4981,0.0765384286642074,1.107003092765808,0
2987,4982,0.0410223454236984,1.107003092765808,0
2988,4983,0.0644929558038711,1.107003092765808,0
2989,4984,0.0628441348671913,0.8195797801017761,0
2990,4985,0.1000262126326561,0.8195797801017761,0
2991,4986,0.0573249533772468,0.8195797801017761,0
2992,4987,0.0977204665541648,0.6181620359420776,0
2993,4988,0.0946637988090515,0.6181620359420776,0
2994,4989,0.0793548747897148,0.6181620359420776,0
2995,4990,0.1212452873587608,0.103574201464653,0
2996,4991,0.2289492636919021,0.103574201464653,0
2997,4992,0.0958974212408065,0.6495533585548401,0
2998,4993,0.2353015691041946,0.6516125202178955,0
2999,4994,0.074240356683731,0.3523813486099243,0
3000,4995,0.1749850809574127,0.3582890927791595,0
3001,4996,0.1558413654565811,0.2084443569183349,0
3002,4997,0.2860859930515289,0.205776110291481,0
3003,4998,0.1584536135196685,0.205776110291481,0
3004,4999,0.2958015501499176,0.9426520466804504,0
3005,5000,0.4216843247413635,1.7513734102249146,0
3006,5001,0.5050878524780273,1.7513734102249146,0
3007,5002,0.4034129977226257,1.7513734102249146,0
3008,5003,0.8304398059844971,1.4559955596923828,0
3009,5004,0.4457673132419586,1.4559955596923828,0
3010,5005,0.6330793499946594,1.4559955596923828,0
3011,5006,1.2584383487701416,0.8385211229324341,0
3012,5007,0.6804935336112976,0.8385211229324341,0
3013,5008,1.3946162462234497,0.8385211229324341,0
3014,5009,0.942945122718811,0.9589264392852784,0
3015,5010,0.887075662612915,0.9589264392852784,0
3016,5011,0.8519778847694397,0.9589264392852784,0
3017,5012,0.7776445746421814,1.4113736152648926,0
3018,5013,0.814825713634491,1.4113736152648926,0
3019,5014,0.7841498255729675,1.4113736152648926,0
3020,5015,0.8557602763175964,1.5226871967315674,0
3021,5016,0.7115800380706787,1.5226871967315674,0
3022,5017,0.792270302772522,1.5226871967315674,0
3023,5018,0.8054705262184143,1.662915825843811,0
3024,5019,0.8420442342758179,1.662915825843811,0
3025,5020,1.0172436237335205,1.6870030164718628,0
3026,5021,0.932405948638916,1.6870030164718628,0
3027,5022,0.7743844389915466,1.6870030164718628,0
3028,5023,0.7837095856666565,1.0426206588745115,0
3029,5024,0.6118746995925903,1.0397329330444336,0
3030,5025,0.4761687815189361,1.4516468048095703,0
3031,5026,0.5825104713439941,1.4516468048095703,0
3032,5027,0.3383876085281372,1.4516468048095703,0
3033,5028,0.6280584931373596,1.6813145875930786,0
3034,5029,0.3504911959171295,1.6813145875930786,0
3035,5030,0.3670525848865509,1.6813145875930786,0
3036,5031,0.2463414222002029,1.721517562866211,0
3037,5032,0.8201128840446472,1.7180931568145752,0
3038,5033,0.4607947468757629,1.310752511024475,0
3039,5034,0.7485096454620361,1.310752511024475,0
3040,5035,0.4566454589366913,1.21011483669281,0
3041,5036,0.5747724175453186,1.21011483669281,0
3042,5037,0.4488841295242309,1.1471813917160034,0
3043,5038,0.4329299926757812,1.1471813917160034,0
3044,5039,0.5059972405433655,0.9198265671730042,0
3045,5040,0.3963159024715423,0.9198265671730042,0
3046,5041,0.4195645749568939,0.9198265671730042,0
3047,5042,0.4518741369247436,1.1916906833648682,0
3048,5043,0.4331877529621124,1.1958574056625366,0
3049,5044,0.3423312306404114,1.2372164726257324,0
3050,5045,0.4725678563117981,1.2372164726257324,0
3051,5046,0.838233470916748,1.2372164726257324,0
3052,5047,0.5132333636283875,1.219326138496399,0
3053,5048,0.4822764992713928,1.2217098474502563,0
3054,5049,0.3142635822296142,1.2217098474502563,0
3055,5050,0.4829400181770324,1.2217098474502563,0
3056,5051,0.4342887699604034,0.93119078874588,0
3057,5052,0.4351797103881836,0.93119078874588,0
3058,5053,0.454585313796997,0.9328052997589112,0
3059,5054,0.6651957035064697,1.1451008319854736,0
3060,5055,0.472026914358139,1.1451008319854736,0
3061,5056,0.6140627264976501,1.1451008319854736,0
3062,5057,0.3548367023468017,0.9230634570121764,0
3063,5058,0.3752463459968567,0.9230634570121764,0
3064,5059,0.4384331405162811,0.9230634570121764,0
3065,5060,0.4169510006904602,0.6144714951515198,0
3066,5061,0.7508917450904846,0.6152428388595581,0
3067,5062,0.3177564144134521,0.6796834468841553,0
3068,5063,0.766761302947998,0.6796834468841553,0
3069,5064,0.4199135303497314,0.6796834468841553,0
3070,5065,0.6757206916809082,0.7260818481445312,0
3071,5066,0.6050539016723633,0.7260818481445312,0
3072,5067,0.7317967414855957,0.7260818481445312,0
3073,5068,0.4950045049190521,0.6470340490341187,0
3074,5069,0.4014836251735687,0.6470340490341187,0
3075,5070,0.5874054431915283,0.6470340490341187,0
3076,5071,0.3041919767856598,0.6466503739356995,0
3077,5072,0.7304435968399048,0.6466503739356995,0
3078,5073,0.3538222312927246,0.635637640953064,0
3079,5074,0.6709781289100647,0.635637640953064,0
3080,5075,0.4457316100597381,0.6448672413825989,0
3081,5076,0.8966584205627441,0.6449698805809021,0
3082,5077,0.474830687046051,0.8054890632629395,0
3083,5078,0.7104064226150513,0.8054890632629395,0
3084,5079,0.52592933177948,0.8054890632629395,0
3085,5080,0.5159175992012024,0.9853894114494324,0
3086,5081,0.4541187584400177,0.987572968006134,0
3087,5082,0.4569649994373321,0.6766793727874756,0
3088,5083,0.2958646118640899,0.673627495765686,0
3089,5084,0.3981003761291504,0.673627495765686,0
3090,5085,0.3771008551120758,1.4491595029830933,0
3091,5086,0.8298050761222839,1.4491595029830933,0
3092,5087,0.411312460899353,1.4491595029830933,0
3093,5088,0.6849502921104431,1.083463191986084,0
3094,5089,0.4395011961460113,1.0773110389709473,0
3095,5090,0.5837537050247192,1.0773110389709473,0
3096,5091,0.3966390788555145,0.9697408080101012,0
3097,5092,0.518670916557312,0.9697408080101012,0
3098,5093,0.4090858101844787,0.9697408080101012,0
3099,5094,0.3722580075263977,1.1911126375198364,0
3100,5095,0.4859363734722137,1.1932014226913452,0
3101,5096,0.3973299562931061,1.106305718421936,0
3102,5097,0.5039451718330383,1.1061116456985474,0
3103,5098,0.4312238991260528,1.1061116456985474,0
3104,5099,0.4792187511920929,1.831750750541687,0
3105,5100,0.3009320795536041,1.831750750541687,0
3106,5101,0.3383723795413971,2.275815963745117,0
3107,5102,0.2866572439670563,2.275815963745117,0
3108,5103,0.3953791558742523,2.277862548828125,0
3109,5104,0.1548376679420471,2.277862548828125,0
3110,5105,0.3722939491271972,2.277862548828125,0
3111,5106,0.0833537280559539,2.200873613357544,0
3112,5107,0.4157660603523254,2.200873613357544,0
3113,5108,0.1210231557488441,2.200873613357544,0
3114,5109,0.4116233587265014,2.25534462928772,0
3115,5110,0.4353430867195129,2.25534462928772,0
3116,5111,0.2965579926967621,2.25534462928772,0
3117,5112,0.2397324442863464,2.272840976715088,0
3118,5113,0.3596339225769043,2.268879175186157,0
3119,5114,0.197646751999855,2.5930864810943604,0
3120,5115,0.3535096049308777,2.5930864810943604,0
3121,5116,0.1558478474617004,1.1228317022323608,0
3122,5117,0.3173067271709442,1.1228317022323608,0
3123,5118,0.1195784956216812,1.1228317022323608,0
3124,5119,0.5325089693069458,0.845516562461853,0
3125,5120,0.2337942719459533,0.845516562461853,0
3126,5121,0.4624610543251037,0.8481062650680542,0
3127,5122,0.1318252682685852,0.8481062650680542,0
3128,5123,0.2966326773166656,0.8481062650680542,0
3129,5124,0.0472090318799018,0.8564433455467224,0
3130,5125,0.2485446035861969,0.8564433455467224,0
3131,5126,0.197226345539093,0.8564433455467224,0
3132,5127,0.1369632184505462,0.9762204885482788,0
3133,5128,0.2939790189266205,0.9762204885482788,0
3134,5129,0.239650696516037,0.9762204885482788,0
3135,5130,0.3587085008621216,0.76688152551651,0
3136,5131,0.1578691154718399,0.76688152551651,0
3137,5132,0.118561141192913,0.76688152551651,0
3138,5133,0.095712624490261,0.7452127933502197,0
3139,5134,0.1003624871373176,0.7452127933502197,0
3140,5135,0.1608970314264297,0.7452127933502197,0
3141,5136,0.3415994048118591,0.7741539478302002,0
3142,5137,0.2057356983423233,0.7741539478302002,0
3143,5138,0.0627275109291076,0.6954968571662903,0
3144,5139,0.4980514943599701,0.6954968571662903,0
3145,5140,0.1818549782037735,0.7449377775192261,0
3146,5141,0.1704766452312469,0.7449377775192261,0
3147,5142,0.0074793961830437,1.0847022533416748,0
3148,5143,0.2809920907020569,1.0816261768341064,0
3149,5144,0.0437347777187824,1.0816261768341064,0
3150,5145,0.102754607796669,0.7679581046104431,0
3151,5146,0.0732688307762146,0.7679581046104431,0
3152,5147,0.1429502815008163,0.7679581046104431,0
3153,5148,0.1277784556150436,0.5055504441261292,0
3154,5149,0.0512408912181854,0.5055504441261292,0
3155,5150,0.1562618315219879,0.6750752329826355,0
3156,5151,0.0601541809737682,0.6750752329826355,0
3157,5152,0.1068858504295349,0.6750752329826355,0
3158,5153,0.0252727307379245,0.2865302562713623,0
3159,5154,0.1862964928150177,0.2865302562713623,0
3160,5155,0.1483741402626037,0.4159809648990631,0
3161,5156,0.1406177282333374,0.4159809648990631,0
3162,5157,0.0796283856034278,0.3769632577896118,0
3163,5158,0.0791040211915969,0.3769632577896118,0
3164,5159,0.078397050499916,0.2808618247509002,0
3165,5160,0.0541245676577091,0.2808618247509002,0
3166,5161,0.0679075419902801,0.2808618247509002,0
3167,5162,0.0937304943799972,0.2808618247509002,0
3168,5163,0.0625527426600456,0.8973506689071655,0
3169,5164,0.0524127185344696,0.8973506689071655,0
3170,5165,0.0603301599621772,0.3108851611614227,0
3171,5166,0.1384047269821167,0.3108851611614227,0
3172,5167,0.1178813576698303,0.3108851611614227,0
3173,5168,0.28111132979393,0.3108851611614227,0
3174,5169,0.135969191789627,0.3523333966732025,0
3175,5170,0.2397983819246292,0.3523333966732025,0
3176,5171,0.1727145165205001,0.3523333966732025,0
3177,5172,0.1717687398195266,0.5425478219985962,0
3178,5173,0.2206554114818573,0.5425478219985962,0
3179,5174,0.1527975350618362,0.5425478219985962,0
3180,5175,0.1988250315189361,0.2832419872283935,0
3181,5176,0.0945037677884101,0.2832419872283935,0
3182,5177,0.1678929328918457,0.2832419872283935,0
3183,5178,0.2110897302627563,0.2364196926355362,0
3184,5179,0.1591721028089523,0.2364196926355362,0
3185,5180,0.2001499533653259,0.1870836615562439,0
3186,5181,0.1478809714317321,0.1870836615562439,0
3187,5182,0.1547777503728866,0.2761451005935669,0
3188,5183,0.0981104150414466,0.2761451005935669,0
3189,5184,0.2508191168308258,0.2761451005935669,0
3190,5185,0.1676068603992462,0.2747460007667541,0
3191,5186,0.1823073625564575,0.2747460007667541,0
3192,5187,0.072802685201168,0.903204619884491,0
3193,5188,0.1260429620742797,0.903204619884491,0
3194,5189,0.1107915192842483,0.903204619884491,0
3195,5190,0.2867466807365417,0.9323720335960388,0
3196,5191,0.1207941696047782,0.9323720335960388,0
3197,5192,0.2722185552120209,0.9323720335960388,0
3198,5193,0.1474626958370208,0.3887213766574859,0
3199,5194,0.2080021202564239,0.3887213766574859,0
3200,5195,0.0712971538305282,0.2830654084682464,0
3201,5196,0.1883074194192886,0.2830654084682464,0
3202,5197,0.3076286315917969,0.2996594607830047,0
3203,5198,0.165275290608406,0.2996594607830047,0
3204,5199,0.1059666201472282,0.2996594607830047,0
3205,5200,0.1021371632814407,0.2976483106613159,0
3206,5201,0.0835177302360534,0.2976483106613159,0
3207,5202,0.254062682390213,0.2976483106613159,0
3208,5203,0.0617143437266349,0.3821917772293091,0
3209,5204,0.3216957747936249,0.3821917772293091,0
3210,5205,0.0522244982421398,0.3821917772293091,0
3211,5206,0.1343751400709152,0.2925638258457184,0
3212,5207,0.0616564415395259,0.2925638258457184,0
3213,5208,0.2358110845088958,0.2925638258457184,0
3214,5209,0.1151034086942672,0.2925638258457184,0
3215,5210,0.2271904200315475,0.5257955193519592,0
3216,5211,0.1866194307804107,0.5257955193519592,0
3217,5212,0.260345458984375,0.5257955193519592,0
3218,5213,0.3100199401378631,0.8865026831626892,0
3219,5214,0.2264220118522644,0.8865026831626892,0
3220,5215,0.2052770406007766,0.6085327863693237,0
3221,5216,0.1294566690921783,0.6085327863693237,0
3222,5217,0.121837593615055,1.0103920698165894,0
3223,5218,0.2368866950273513,1.0103920698165894,0
3224,5219,0.1739008724689483,1.0103920698165894,0
3225,5220,0.1649412214756012,0.7455381155014038,0
3226,5221,0.1669881343841552,0.7154316902160645,0
3227,5222,0.1385509073734283,0.7154316902160645,0
3228,5223,0.1148257330060005,0.7154316902160645,0
3229,5224,0.3690432906150818,0.768584132194519,0
3230,5225,0.1351910531520843,0.768584132194519,0
3231,5226,0.2502824068069458,0.768584132194519,0
3232,5227,0.3588907420635223,0.7375372648239136,0
3233,5228,0.2331653982400894,0.7375372648239136,0
3234,5229,0.1329672336578369,0.7375372648239136,0
3235,5230,0.2554249465465545,0.803180992603302,0
3236,5231,0.2454428076744079,0.803180992603302,0
3237,5232,0.3587616682052612,0.803180992603302,0
3238,5233,0.2190175950527191,0.6529348492622375,0
3239,5234,0.2166735231876373,0.6529348492622375,0
3240,5235,0.1792805790901184,0.644519031047821,0
3241,5236,0.2582682073116302,0.644519031047821,0
3242,5237,0.2912391126155853,0.8145596981048584,0
3243,5238,0.2011885046958923,0.8145596981048584,0
3244,5239,0.2801749408245086,0.8145596981048584,0
3245,5240,0.266125738620758,1.1926465034484863,0
3246,5241,0.2744402587413788,1.1926465034484863,0
3247,5242,0.2834522128105163,1.1926465034484863,0
3248,5243,0.2442338913679123,1.073411464691162,0
3249,5244,0.2229510396718979,1.073411464691162,0
3250,5245,0.3187676668167114,0.6568964719772339,0
3251,5246,0.3205529153347015,0.6568964719772339,0
3252,5247,0.2894323468208313,0.6568964719772339,0
3253,5248,0.4289570450782776,0.6779813766479492,0
3254,5249,0.4380316734313965,0.6779813766479492,0
3255,5250,0.3012582957744598,0.6779813766479492,0
3256,5251,0.3417700827121734,0.7820690870285034,0
3257,5252,0.4865161180496216,0.7802683711051941,0
3258,5253,0.4313758313655853,0.7802683711051941,0
3259,5254,0.0979294851422309,1.1894289255142212,0
3260,5255,0.2192861288785934,1.1894289255142212,0
3261,5256,0.2055928707122802,1.014259934425354,0
3262,5257,0.2786257863044739,1.0149072408676147,0
3263,5258,0.1484300792217254,0.8836207985877991,0
3264,5259,0.1066084876656532,0.8836207985877991,0
3265,5260,0.1207453161478042,1.191449761390686,0
3266,5261,0.2693879008293152,1.191449761390686,0
3267,5262,0.0395621582865715,1.191449761390686,0
3268,5263,0.0950364023447036,0.7225040793418884,0
3269,5264,0.0738296061754226,0.7225040793418884,0
3270,5265,0.1443512737751007,0.7225040793418884,0
3271,5266,0.0142388129606843,0.6168129444122314,0
3272,5267,0.0391865819692611,0.6168129444122314,0
3273,5268,0.0456129051744937,0.6168129444122314,0
3274,5269,0.072181835770607,0.8678350448608398,0
3275,5270,0.0337666608393192,0.8678350448608398,0
3276,5271,0.0314836613833904,0.6324913501739502,0
3277,5272,0.06006720662117,0.6324913501739502,0
3278,5273,0.0125371348112821,0.7830034494400024,0
3279,5274,0.0483865700662136,0.7830034494400024,0
3280,5275,0.0512065216898918,0.795199990272522,0
3281,5276,0.1635763496160507,0.795199990272522,0
3282,5277,0.0528907068073749,0.795199990272522,0
3283,5278,0.224265918135643,1.0003353357315063,0
3284,5279,0.1646244525909423,1.0003353357315063,0
3285,5280,0.1473353654146194,0.6447164416313171,0
3286,5281,0.2056409567594528,0.6447164416313171,0
3287,5282,0.0968749597668647,0.6447164416313171,0
3288,5283,0.1845781803131103,0.6646398305892944,0
3289,5284,0.1054299101233482,0.6646398305892944,0
3290,5285,0.2285123318433761,0.6646398305892944,0
3291,5286,0.2358419597148895,0.8513677716255188,0
3292,5287,0.1872156858444214,0.8539371490478516,0
3293,5288,0.1380939334630966,0.8539371490478516,0
3294,5289,0.3397901058197021,0.889410674571991,0
3295,5290,0.1026558950543403,0.889410674571991,0
3296,5291,0.1564981788396835,0.6399592757225037,0
3297,5292,0.2074461877346038,0.6399592757225037,0
3298,5293,0.2256645560264587,0.6399592757225037,0
3299,5294,0.2500068545341491,0.6399592757225037,0
3300,5295,0.2102905213832855,0.6352863907814026,0
3301,5296,0.2210352122783661,0.6352863907814026,0
3302,5297,0.23887300491333,0.6593431830406189,0
3303,5298,0.1744070947170257,0.6593431830406189,0
3304,5299,0.3625456690788269,0.7674971222877502,0
3305,5300,0.097819872200489,0.7674971222877502,0
3306,5301,0.1616650074720382,0.8809358477592468,0
3307,5302,0.1560175716876983,0.8809358477592468,0
3308,5303,0.1879794001579284,0.8809358477592468,0
3309,5304,0.1061676293611526,0.7051196694374084,0
3310,5305,0.2864740788936615,0.7081434726715088,0
3311,5306,0.0625061467289924,0.7081434726715088,0
3312,5307,0.2719654440879822,0.793937623500824,0
3313,5308,0.0857178568840026,0.793937623500824,0
3314,5309,0.2442160099744796,0.793937623500824,0
3315,5310,0.0737230256199836,0.7327232956886292,0
3316,5311,0.1821867972612381,0.7327232956886292,0
3317,5312,0.0225389469414949,0.9929882287979126,0
3318,5313,0.2001219987869262,0.9949436783790588,0
3319,5314,0.0732694566249847,1.06898295879364,0
3320,5315,0.0936604142189025,1.0726560354232788,0
3321,5316,0.0933974608778953,0.6980465054512024,0
3322,5317,0.022155886515975,0.7006321549415588,0
3323,5318,0.0857276394963264,0.6955507397651672,0
3324,5319,0.0351077429950237,0.7486283779144287,0
3325,5320,0.106176808476448,0.7469908595085144,0
3326,5321,0.0204893536865711,0.7469908595085144,0
3327,5322,0.1113241985440254,0.7076951861381531,0
3328,5323,0.1047756373882293,0.7061938643455505,0
3329,5324,0.2672364711761474,0.7061938643455505,0
3330,5325,0.0454453825950622,0.8984372615814209,0
3331,5326,0.1783343255519867,0.8960935473442078,0
3332,5327,0.0794367119669914,0.8960935473442078,0
3333,5328,0.0483321473002433,0.117422766983509,0
3334,5329,0.125346302986145,0.1146220862865448,0
3335,5330,0.095292143523693,0.1146220862865448,0
3336,5331,0.2862482666969299,0.3261532187461853,0
3337,5332,0.1869625151157379,0.3261532187461853,0
3338,5333,0.1110147982835769,0.3560846149921417,0
3339,5334,0.0857257544994354,0.3586510717868805,0
3340,5335,0.2524839043617248,0.3591883182525635,0
3341,5336,0.1056708022952079,0.3591883182525635,0
3342,5337,0.1590850949287414,0.3591883182525635,0
3343,5338,0.0827938988804817,0.3038337528705597,0
3344,5339,0.1794928163290023,0.5540693402290344,0
3345,5340,0.0327080860733985,0.5577765107154846,0
3346,5341,0.2615444660186767,0.5577765107154846,0
3347,5342,0.0877532213926315,0.629140317440033,0
3348,5343,0.2425256520509719,0.629140317440033,0
3349,5344,0.085522674024105,0.629140317440033,0
3350,5345,0.2145829647779464,0.617840051651001,0
3351,5346,0.0180828906595706,0.617840051651001,0
3352,5347,0.1753612607717514,0.617840051651001,0
3353,5348,0.057872574776411,0.5627964735031128,0
3354,5349,0.1827668696641922,0.5598682165145874,0
3355,5350,0.1243876069784164,0.4813680648803711,0
3356,5351,0.1540106236934662,0.4813680648803711,0
3357,5352,0.1123793944716453,0.4813680648803711,0
3358,5353,0.1838759928941726,0.0858806893229484,0
3359,5354,0.2458532452583313,0.0858806893229484,0
3360,5355,0.1886978149414062,0.3483908474445343,0
3361,5356,0.1923047304153442,0.3483908474445343,0
3362,5357,0.1143809333443641,0.3543431162834167,0
3363,5358,0.1850621998310089,0.5197889804840088,0
3364,5359,0.2169425934553146,0.5197889804840088,0
3365,5360,0.1029944270849227,0.5197889804840088,0
3366,5361,0.286787211894989,0.5036811828613281,0
3367,5362,0.1570284366607666,0.5027599930763245,0
3368,5363,0.317940354347229,0.5027599930763245,0
3369,5364,0.2338367253541946,0.2847954034805298,0
3370,5365,0.2222194522619247,0.2833008766174316,0
3371,5366,0.336846113204956,0.2847954034805298,0
3372,5367,0.2835875451564789,0.5244951844215393,0
3373,5368,0.2021931260824203,0.5271920561790466,0
3374,5369,0.1919257193803787,0.5244951844215393,0
3375,5370,0.3526701331138611,0.5244780778884888,0
3376,5371,0.1436411589384079,0.5244780778884888,0
3377,5372,0.2331736832857132,0.3142561614513397,0
3378,5373,0.1274739503860473,0.3123244941234588,0
3379,5374,0.332661896944046,0.5341362357139587,0
3380,5375,0.2169713228940963,0.533088743686676,0
3381,5376,0.3964836597442627,0.533088743686676,0
3382,5377,0.372172862291336,0.3373137712478637,0
3383,5378,0.3600095808506012,0.3302789628505707,0
3384,5379,0.1832492351531982,0.3302789628505707,0
3385,5380,0.3046944737434387,0.3302789628505707,0
3386,5381,0.3018566071987152,0.388396680355072,0
3387,5382,0.1685863733291626,0.388396680355072,0
3388,5383,0.1905874609947204,0.437383234500885,0
3389,5384,0.1142794713377952,0.4441263079643249,0
3390,5385,0.2315150797367096,0.4441263079643249,0
3391,5386,0.3019535541534424,0.4237723648548126,0
3392,5387,0.3899584412574768,0.4237723648548126,0
3393,5388,0.2326598167419433,0.3148601651191711,0
3394,5389,0.3647909760475158,0.3174880743026733,0
3395,5390,0.191644087433815,0.3174880743026733,0
3396,5391,0.2060467004776001,0.3153656125068664,0
3397,5392,0.3539579808712005,0.3153656125068664,0
3398,5393,0.1162288933992385,0.5076060891151428,0
3399,5394,0.5360619425773621,0.5076060891151428,0
3400,5395,0.04965515807271,0.5076060891151428,0
3401,5396,0.4840322732925415,0.560229480266571,0
3402,5397,0.1752136796712875,0.560229480266571,0
3403,5398,0.3762646913528442,0.560229480266571,0
3404,5399,0.2313851714134216,0.5273691415786743,0
3405,5400,0.3347596824169159,0.5273691415786743,0
3406,5401,0.1671223044395446,0.3113079667091369,0
3407,5402,0.2704910337924957,0.3113079667091369,0
3408,5403,0.1420548856258392,0.3113079667091369,0
3409,5404,0.2265034317970276,0.4571653008460998,0
3410,5405,0.1959341764450073,0.4571653008460998,0
3411,5406,0.1892367154359817,0.4571653008460998,0
3412,5407,0.1807969063520431,0.6351070404052734,0
3413,5408,0.3172875344753265,0.6351070404052734,0
3414,5409,0.3873457908630371,0.6351070404052734,0
3415,5410,0.3737649917602539,1.4121716022491455,0
3416,5411,0.2209693938493728,1.4121716022491455,0
3417,5412,0.1227127611637115,1.1007989645004272,0
3418,5413,0.1380186975002288,1.1007989645004272,0
3419,5414,0.2337980717420578,1.1007989645004272,0
3420,5415,0.1618987023830413,1.2769325971603394,0
3421,5416,0.2433639019727707,1.2769325971603394,0
3422,5417,0.0988066792488098,1.1443935632705688,0
3423,5418,0.3913141787052154,1.1443935632705688,0
3424,5419,0.4652842581272125,2.3862924575805664,0
3425,5420,0.4525917768478393,2.3862924575805664,0
3426,5421,0.3313885033130646,2.3862924575805664,0
3427,5422,0.2966635227203369,2.3260629177093506,0
3428,5423,0.2649022340774536,2.3260629177093506,0
3429,5424,0.1402330547571182,2.302120447158813,0
3430,5425,0.1811173260211944,2.302120447158813,0
3431,5426,0.1188903301954269,2.302120447158813,0
3432,5427,0.1244837269186973,2.3424956798553467,0
3433,5428,0.1076977327466011,2.3424956798553467,0
3434,5429,0.163070946931839,2.3424956798553467,0
3435,5430,0.2873904109001159,1.686161756515503,0
3436,5431,0.2558840811252594,1.686161756515503,0
3437,5432,0.5363495945930481,1.3128377199172974,0
3438,5433,0.1791926473379135,1.3106101751327517,0
3439,5434,0.2968337535858154,0.8126876354217529,0
3440,5435,0.1212562546133995,0.8126876354217529,0
3441,5436,0.3016751706600189,0.8126876354217529,0
3442,5437,0.0524634569883346,1.1957885026931765,0
3443,5438,0.2994686067104339,1.1957885026931765,0
3444,5439,0.139653593301773,1.1957885026931765,0
3445,5440,0.105564646422863,1.142735481262207,0
3446,5441,0.1809020638465881,1.142735481262207,0
3447,5442,0.424452394247055,1.142735481262207,0
3448,5443,0.2864147424697876,0.6267557740211487,0
3449,5444,0.1325502395629882,0.6267557740211487,0
3450,5445,0.1454068124294281,0.6267557740211487,0
3451,5446,0.4089170694351196,1.5659664869308472,0
3452,5447,0.4293309450149536,1.5685808658599854,0
3453,5448,0.3550695478916168,1.5685808658599854,0
3454,5449,0.4465416669845581,1.2148383855819702,0
3455,5450,0.6038675308227539,1.2106986045837402,0
3456,5451,0.5617631673812866,0.9662951827049256,0
3457,5452,1.1947659254074097,0.9662951827049256,0
3458,5453,0.6637235283851624,0.9684224724769592,0
3459,5454,1.0060224533081057,0.8699402213096619,0
3460,5455,1.2283331155776978,0.8671162724494934,0
3461,5456,0.8368254899978638,0.7297260761260986,0
3462,5457,1.1990878582000732,0.7297260761260986,0
3463,5458,0.8859902620315552,0.7244493961334229,0
3464,5459,1.1016221046447754,0.7244493961334229,0
3465,5460,0.6439367532730103,0.6907122135162354,0
3466,5461,1.2859081029891968,0.6907122135162354,0
3467,5462,0.5511018633842468,1.004997730255127,0
3468,5463,1.7764813899993896,1.004997730255127,0
3469,5464,0.6030980348587036,1.004997730255127,0
3470,5465,1.2231870889663696,1.5755218267440796,0
3471,5466,0.434518426656723,1.5755218267440796,0
3472,5467,1.2619274854660034,1.567113995552063,0
3473,5468,1.1708836555480957,1.9339978694915767,0
3474,5469,0.8725041151046753,1.9339978694915767,0
3475,5470,0.4713265895843506,1.9339978694915767,0
3476,5471,0.5088353753089905,1.719086766242981,0
3477,5472,0.6349323391914368,1.714799880981445,0
3478,5473,0.3766325414180755,1.9022282361984253,0
3479,5474,0.544325590133667,1.899553894996643,0
3480,5475,0.7687233686447144,1.899553894996643,0
3481,5476,0.827163815498352,1.899553894996643,0
3482,5477,1.249913454055786,1.9599642753601076,0
3483,5478,0.5571301579475403,1.9599642753601076,0
3484,5479,0.2273312956094741,1.2365787029266355,0
3485,5480,0.4368531107902527,1.2365787029266355,0
3486,5481,0.7711119651794434,1.2365787029266355,0
3487,5482,0.2241125106811523,0.8665502071380615,0
3488,5483,0.2314096391201019,0.8665502071380615,0
3489,5484,0.2165942639112472,0.8665502071380615,0
3490,5485,0.5379098653793335,1.507546305656433,0
3491,5486,0.4945687651634216,1.507546305656433,0
3492,5487,0.3914201557636261,1.507546305656433,0
3493,5488,0.4771400094032287,0.8837875127792358,0
3494,5489,0.3366083800792694,0.8885637521743774,0
3495,5490,0.3634521961212158,0.76383376121521,0
3496,5491,0.3469343781471252,0.76383376121521,0
3497,5492,0.4066972136497497,0.76383376121521,0
3498,5493,0.3037225008010864,0.3135390877723694,0
3499,5494,0.2759590148925781,0.3117658793926239,0
3500,5495,0.3004627227783203,0.3838110566139221,0
3501,5496,0.3139611482620239,0.3853362500667572,0
3502,5497,0.3957828283309936,0.4048263728618622,0
3503,5498,0.162199318408966,0.4066172838211059,0
3504,5499,0.2070145606994629,0.5097470283508301,0
3505,5500,0.2533230483531952,0.5097470283508301,0
3506,5501,0.2270791977643966,0.5779348015785217,0
3507,5502,0.4137262105941772,0.5802679061889648,0
3508,5503,0.368105411529541,0.5920164585113525,0
3509,5504,0.2026967257261276,0.5897570252418518,0
3510,5505,0.2045429795980453,0.5897570252418518,0
3511,5506,0.0925107598304748,0.556520938873291,0
3512,5507,0.1803493648767471,0.556520938873291,0
3513,5508,0.2829644978046417,0.556520938873291,0
3514,5509,0.0310822520405054,0.4918376207351684,0
3515,5510,0.1507672667503357,0.4918376207351684,0
3516,5511,0.1488645672798156,0.4918376207351684,0
3517,5512,0.2629826962947845,0.4876772761344909,0
3518,5513,0.0242186170071363,0.4880541265010834,0
3519,5514,0.102105475962162,0.4880541265010834,0
3520,5515,0.0478305742144584,0.6395763754844666,0
3521,5516,0.1273699700832367,0.6395763754844666,0
3522,5517,0.0317985713481903,0.5876569747924805,0
3523,5518,0.0406165532767772,0.5876569747924805,0
3524,5519,0.1321262568235397,0.5876569747924805,0
3525,5520,0.068067617714405,0.5876569747924805,0
3526,5521,0.0131148509681224,0.4986241161823272,0
3527,5522,0.095306359231472,0.4986241161823272,0
3528,5523,0.0658331215381622,0.4945587515830993,0
3529,5524,0.1278481036424636,0.4978792369365692,0
3530,5525,0.098346047103405,0.4978792369365692,0
3531,5526,0.2608637511730194,0.3834826648235321,0
3532,5527,0.2784456610679626,0.3834826648235321,0
3533,5528,0.1979957967996597,0.3834826648235321,0
3534,5529,0.2368025630712509,0.5323028564453125,0
3535,5530,0.5099639296531677,0.5323028564453125,0
3536,5531,0.315904289484024,0.5323028564453125,0
3537,5532,0.3935117125511169,0.4878349304199219,0
3538,5533,0.2258781790733337,0.3923101723194122,0
3539,5534,0.5513855218887329,0.3923101723194122,0
3540,5535,0.3943456709384918,0.3923101723194122,0
3541,5536,0.4596113264560699,0.3593887686729431,0
3542,5537,0.3650360405445099,0.3601753413677215,0
3543,5538,0.7020028829574585,0.3960604667663574,0
3544,5539,0.3851287961006164,0.3955130577087402,0
3545,5540,0.669883131980896,1.7577009201049805,0
3546,5541,0.3844348490238189,1.7577009201049805,0
3547,5542,0.5684134364128113,1.6383122205734253,0
3548,5543,0.5528519749641418,1.6383122205734253,0
3549,5544,0.593429684638977,1.6383122205734253,0
3550,5545,0.5031229257583618,1.5835014581680298,0
3551,5546,0.649211049079895,1.5835014581680298,0
3552,5547,0.6780153512954712,1.7859010696411133,0
3553,5548,0.6618834733963013,1.7859010696411133,0
3554,5549,0.6307039260864258,1.7859010696411133,0
3555,5550,0.4973106682300567,1.824077606201172,0
3556,5551,0.4617075622081756,1.824077606201172,0
3557,5552,0.6644791960716248,1.824077606201172,0
3558,5553,0.4542574882507324,1.7427877187728882,0
3559,5554,0.8343213200569153,1.745961308479309,0
3560,5555,0.2325184643268585,1.8608527183532717,0
3561,5556,0.5592210292816162,1.8608527183532717,0
3562,5557,0.6236729621887207,1.8608527183532717,0
3563,5558,0.5589313507080078,1.889383673667908,0
3564,5559,0.4747267067432403,1.889383673667908,0
3565,5560,0.4812660813331604,1.889383673667908,0
3566,5561,0.2760880589485168,1.9845629930496216,0
3567,5562,0.5592172741889954,1.9845629930496216,0
3568,5563,0.341864138841629,1.843706011772156,0
3569,5564,0.5292103290557861,1.843706011772156,0
3570,5565,0.5767511129379272,1.843706011772156,0
3571,5566,0.6737205386161804,1.843706011772156,0
3572,5567,0.4160281717777252,1.99640154838562,0
3573,5568,0.4464825987815857,1.99640154838562,0
3574,5569,0.4753086864948272,1.99640154838562,0
3575,5570,0.4836533963680267,2.0192267894744877,0
3576,5571,0.2871788740158081,2.0192267894744877,0
3577,5572,0.3325493931770324,2.117193460464477,0
3578,5573,0.423859566450119,2.1218111515045166,0
3579,5574,0.5042921304702759,2.0627074241638184,0
3580,5575,0.4006790518760681,2.057591676712036,0
3581,5576,0.4264354109764099,1.897727847099304,0
3582,5577,0.2746634185314178,1.897727847099304,0
3583,5578,0.1928946524858474,1.8993959426879885,0
3584,5579,0.3722473382949829,1.8993959426879885,0
3585,5580,0.3274629116058349,1.8925799131393437,0
3586,5581,0.3466733396053314,1.8971856832504272,0
3587,5582,0.2391694635152816,1.95770800113678,0
3588,5583,0.3560006320476532,1.95770800113678,0
3589,5584,0.3500429689884186,1.95770800113678,0
3590,5585,0.3155931830406189,1.9703155755996704,0
3591,5586,0.0855893492698669,1.9716264009475708,0
3592,5587,0.4631681442260742,1.9716264009475708,0
3593,5588,0.3505123853683471,1.9699116945266724,0
3594,5589,0.7119952440261841,1.9698559045791624,0
3595,5590,0.2721098065376282,1.775656819343567,0
3596,5591,0.445768803358078,1.775656819343567,0
3597,5592,0.3584947884082794,1.775656819343567,0
3598,5593,0.4993542432785034,1.775656819343567,0
3599,5594,0.2723422050476074,1.7842563390731812,0
3600,5595,0.3848327994346618,1.7955825328826904,0
3601,5596,0.4120514988899231,1.7955825328826904,0
3602,5597,0.6175363659858704,1.7691024541854858,0
3603,5598,0.1093827337026596,1.7691024541854858,0
3604,5599,0.4313700497150421,1.7691024541854858,0
3605,5600,0.5313198566436768,1.7691024541854858,0
3606,5601,0.4466235935688019,2.0815439224243164,0
3607,5602,0.2048000395298004,2.0815439224243164,0
3608,5603,0.4271395206451416,2.059178113937378,0
3609,5604,0.396429032087326,2.059178113937378,0
3610,5605,0.5190096497535706,2.059178113937378,0
3611,5606,0.43083456158638,2.059178113937378,0
3612,5607,0.41046142578125,2.074737548828125,0
3613,5608,0.4495581984519958,2.074737548828125,0
3614,5609,0.4203720688819885,2.020912170410156,0
3615,5610,0.4401097297668457,2.020912170410156,0
3616,5611,0.4176566302776336,1.1705517768859863,0
3617,5612,0.2887986898422241,1.1698540449142456,0
3618,5613,0.3403473496437073,0.396187961101532,0
3619,5614,0.2579371929168701,0.396187961101532,0
3620,5615,0.3757972717285156,0.4122202098369598,0
3621,5616,0.3466476202011108,0.4122202098369598,0
3622,5617,0.2599717676639557,0.4159251153469085,0
3623,5618,0.2561386227607727,0.4169380664825439,0
3624,5619,0.4266858100891113,0.4301335215568542,0
3625,5620,0.194819688796997,0.4301335215568542,0
3626,5621,0.222154214978218,0.4451736807823181,0
3627,5622,0.3794533312320709,0.4451736807823181,0
3628,5623,0.3165687620639801,0.4929566979408264,0
3629,5624,0.2668578028678894,0.4945724606513977,0
3630,5625,0.3166487216949463,0.4945724606513977,0
3631,5626,0.3395717442035675,-1.6347984228559651e-06,0
3632,5627,0.5235105156898499,-1.636704496377206e-06,0
3633,5628,0.4377757012844085,-1.636704496377206e-06,0
3634,5629,0.3217881023883819,0.0391966961324214,0
3635,5630,0.4547912180423736,0.0391511507332325,0
3636,5631,0.4810236096382141,0.0392210036516189,0
3637,5632,0.4927553832530975,0.0392210036516189,0
3638,5633,0.3937970399856567,0.2925917208194732,0
3639,5634,0.4983592927455902,0.2920067906379699,0
3640,5635,0.3215884268283844,0.7217663526535034,0
3641,5636,0.57322096824646,0.7217663526535034,0
3642,5637,0.4491942226886749,0.7217663526535034,0
3643,5638,0.4719791710376739,0.8478879332542419,0
3644,5639,0.536098301410675,0.8478879332542419,0
3645,5640,0.52024245262146,0.8478879332542419,0
3646,5641,0.6080501079559326,0.6891962289810181,0
3647,5642,0.4557889699935913,0.6891962289810181,0
3648,5643,0.4448828399181366,0.6891962289810181,0
3649,5644,0.5160971879959106,0.7372405529022217,0
3650,5645,0.4380985796451568,0.7372405529022217,0
3651,5646,0.3833130598068237,0.7372405529022217,0
3652,5647,0.4884433150291443,2.3066115379333496,0
3653,5648,0.3998456299304962,2.3066115379333496,0
3654,5649,0.3635933995246887,2.014981746673584,0
3655,5650,0.3771198987960815,2.014981746673584,0
3656,5651,0.478548914194107,1.9905691146850584,0
3657,5652,0.2603427171707153,1.9905691146850584,0
3658,5653,0.4553407430648803,1.9905691146850584,0
3659,5654,0.2222024351358413,2.033803224563598,0
3660,5655,0.5409342050552368,2.055312395095825,0
3661,5656,0.2798327505588531,2.055312395095825,0
3662,5657,0.548250675201416,2.055312395095825,0
3663,5658,0.3692786991596222,2.1213572025299072,0
3664,5659,0.5447264313697815,2.1213572025299072,0
3665,5660,0.4104104936122894,1.8215571641922,0
3666,5661,0.555190920829773,1.8215571641922,0
3667,5662,0.2953315377235412,1.8818271160125728,0
3668,5663,0.6653563380241394,1.8818271160125728,0
3669,5664,0.4009297490119934,1.6436314582824707,0
3670,5665,0.4471506476402282,1.6436314582824707,0
3671,5666,0.4886858165264129,1.6436314582824707,0
3672,5667,0.3499616682529449,1.6555231809616089,0
3673,5668,0.5224642157554626,1.6555231809616089,0
3674,5669,0.4407176077365875,1.6807687282562256,0
3675,5670,0.3688564300537109,1.6807687282562256,0
3676,5671,0.4110472798347473,1.6807687282562256,0
3677,5672,0.4551104009151459,1.6807687282562256,0
3678,5673,0.482370913028717,1.612898826599121,0
3679,5674,0.2894904613494873,1.612898826599121,0
3680,5675,0.7696799635887146,1.8149701356887815,0
3681,5676,0.2778272032737732,1.8149701356887815,0
3682,5677,0.6328248977661133,1.68115234375,0
3683,5678,0.451333612203598,1.68115234375,0
3684,5679,0.587005615234375,1.68115234375,0
3685,5680,0.394414871931076,1.68115234375,0
3686,5681,0.5489957332611084,1.686477541923523,0
3687,5682,0.4821814894676208,1.686477541923523,0
3688,5683,0.6995325088500977,1.8644249439239504,0
3689,5684,0.4839921295642853,1.8644249439239504,0
3690,5685,0.6020979285240173,1.8644249439239504,0
3691,5686,0.5053988099098206,1.8644249439239504,0
3692,5687,0.7733252048492432,1.812438726425171,0
3693,5688,0.42458376288414,1.812438726425171,0
3694,5689,0.4772092401981354,1.803402543067932,0
3695,5690,0.5193443894386292,1.803402543067932,0
3696,5691,0.5808538198471069,1.8074742555618288,0
3697,5692,0.3426153659820556,1.8074742555618288,0
3698,5693,0.4176680445671081,1.8269407749176023,0
3699,5694,0.4990349113941192,1.8269407749176023,0
3700,5695,0.5087213516235352,1.900549054145813,0
3701,5696,0.3346807062625885,1.900549054145813,0
3702,5697,0.5530474781990051,1.713385820388794,0
3703,5698,0.4795877039432525,1.713385820388794,0
3704,5699,0.3593855798244476,1.5947896242141724,0
3705,5700,0.622497022151947,1.5947896242141724,0
3706,5701,0.3091024160385132,1.573225975036621,0
3707,5702,0.528372049331665,1.573225975036621,0
3708,5703,0.2576623857021332,1.573225975036621,0
3709,5704,0.4913550019264221,1.5296528339385986,0
3710,5705,0.3113872408866882,1.5296528339385986,0
3711,5706,0.5873562097549438,1.5296528339385986,0
3712,5707,0.4158072173595428,1.567939043045044,0
3713,5708,0.6409610509872437,1.567939043045044,0
3714,5709,0.2838553488254547,1.567939043045044,0
3715,5710,0.3688702881336212,1.7518428564071655,0
3716,5711,0.4584660232067108,1.7518428564071655,0
3717,5712,0.4435600340366363,1.7518428564071655,0
3718,5713,0.5292675495147705,1.539372205734253,0
3719,5714,0.4689628183841705,1.539372205734253,0
3720,5715,0.647736132144928,1.539372205734253,0
3721,5716,0.5234229564666748,1.5145306587219238,0
3722,5717,0.5909115672111511,1.5145306587219238,0
3723,5718,0.5823718905448914,1.5145306587219238,0
3724,5719,0.5631216168403625,1.6497434377670288,0
3725,5720,0.7444396018981934,1.6497434377670288,0
3726,5721,0.6731306910514832,1.6497434377670288,0
3727,5722,0.6599252820014954,1.6497434377670288,0
3728,5723,0.3482140004634857,1.63121235370636,0
3729,5724,0.90763258934021,1.63121235370636,0
3730,5725,0.1401105970144271,1.6384185552597046,0
3731,5726,0.8495502471923828,1.640361785888672,0
3732,5727,0.2686310708522796,1.640361785888672,0
3733,5728,0.7234442830085754,1.640361785888672,0
3734,5729,0.3451794385910034,1.5874956846237185,0
3735,5730,0.8178081512451172,1.5874956846237185,0
3736,5731,0.6213394999504089,1.2696762084960938,0
3737,5732,0.8712468147277832,1.2696762084960938,0
3738,5733,0.6296824216842651,0.4282957315444946,0
3739,5734,0.8116920590400696,0.4282957315444946,0
3740,5735,0.8484926819801331,0.8977575302124023,0
3741,5736,0.720894992351532,0.8977575302124023,0
3742,5737,0.7239208817481995,1.049824833869934,0
3743,5738,0.7523999214172363,1.049824833869934,0
3744,5739,0.6763385534286499,0.4767975807189941,0
3745,5740,1.173359513282776,0.4789259433746338,0
3746,5741,0.6914129257202148,0.4887521862983703,0
3747,5742,0.6698834896087646,0.4863857626914978,0
3748,5743,0.6407912373542786,0.5118317604064941,0
3749,5744,0.7388474345207214,0.5107418894767761,0
3750,5745,0.6299123167991638,0.5107418894767761,0
3751,5746,0.8305339217185974,0.5107418894767761,0
3752,5747,0.663927435874939,0.4953641295433044,0
3753,5748,0.6896523833274841,0.4953641295433044,0
3754,5749,0.4067655503749847,0.4953641295433044,0
3755,5750,0.5855997800827026,0.5743988752365112,0
3756,5751,0.6987783312797546,0.5743988752365112,0
3757,5752,0.5518295168876648,0.5743988752365112,0
3758,5753,0.4238125085830688,0.5674999356269836,0
3759,5754,0.672782838344574,0.5674999356269836,0
3760,5755,0.7137148976325989,0.5674999356269836,0
3761,5756,0.6217452883720398,0.5235778093338013,0
3762,5757,0.4836935400962829,0.5235778093338013,0
3763,5758,0.5286672711372375,0.5235778093338013,0
3764,5759,0.5583850741386414,0.5270636081695557,0
3765,5760,0.6389976143836975,0.5270636081695557,0
3766,5761,0.4714509546756744,0.5270636081695557,0
3767,5762,0.7978190779685974,0.5156508088111877,0
3768,5763,0.4622008800506592,0.5156508088111877,0
3769,5764,0.4589890837669372,0.5156508088111877,0
3770,5765,0.5789651870727539,0.5390064120292664,0
3771,5766,0.6116321682929993,0.5390064120292664,0
3772,5767,0.5406685471534729,0.5390064120292664,0
3773,5768,0.5831097364425659,0.3810701966285705,0
3774,5769,0.4279877543449402,0.3810701966285705,0
3775,5770,0.5094590187072754,0.295659065246582,0
3776,5771,0.4566257297992706,0.2950643002986908,0
3777,5772,0.4296396672725677,0.9433685541152954,0
3778,5773,0.5415903329849243,0.9433685541152954,0
3779,5774,0.5233256816864014,0.5161585807800293,0
3780,5775,0.3551450073719024,0.5161585807800293,0
3781,5776,0.4614463150501251,0.5161585807800293,0
3782,5777,0.5751754641532898,0.666940450668335,0
3783,5778,0.5561183094978333,0.666940450668335,0
3784,5779,0.472113162279129,0.4538938999176025,0
3785,5780,0.2892203032970428,0.4538938999176025,0
3786,5781,0.5599011778831482,0.768933892250061,0
3787,5782,0.3384063839912414,0.768933892250061,0
3788,5783,0.598788857460022,0.6878103017807007,0
3789,5784,0.4082692265510559,0.6878103017807007,0
3790,5785,0.5159106850624084,0.4542559683322906,0
3791,5786,0.1950584053993225,0.4542559683322906,0
3792,5787,0.3596672713756561,0.4542559683322906,0
3793,5788,0.2929117083549499,0.4326387643814087,0
3794,5789,0.3263543546199798,0.4326387643814087,0
3795,5790,0.2308645546436309,0.4326387643814087,0
3796,5791,0.2213461250066757,0.0180871002376079,0
3797,5792,0.471634030342102,0.0180871002376079,0
3798,5793,0.2782129347324371,0.0180871002376079,0
3799,5794,0.3127315640449524,0.0137131894007325,0
3800,5795,0.1589071601629257,0.0137131894007325,0
3801,5796,0.2468312680721283,0.0137131894007325,0
3802,5797,0.2868100106716156,0.0348884053528308,0
3803,5798,0.3169422745704651,0.0348884053528308,0
3804,5799,0.2298268973827362,0.0348884053528308,0
3805,5800,0.3607454895973205,0.4597861170768738,0
3806,5801,0.2906664311885834,0.4597861170768738,0
3807,5802,0.2589376270771026,0.4597861170768738,0
3808,5803,0.2732341289520263,0.448582649230957,0
3809,5804,0.2642112970352173,0.448582649230957,0
3810,5805,0.3063391745090484,0.448582649230957,0
3811,5806,0.3206700980663299,0.4783824384212494,0
3812,5807,0.3264650106430053,0.4783824384212494,0
3813,5808,0.1572272330522537,0.4783824384212494,0
3814,5809,0.2540797889232635,1.4262590408325195,0
3815,5810,0.2385903298854828,1.4262590408325195,0
3816,5811,0.2337519377470016,1.8000380992889404,0
3817,5812,0.3014068007469177,1.8000380992889404,0
3818,5813,0.2618593573570251,1.8000380992889404,0
3819,5814,0.2488564401865005,1.823231220245361,0
3820,5815,0.2467811107635498,1.823231220245361,0
3821,5816,0.2364211231470108,1.879233717918396,0
3822,5817,0.2928911447525024,1.879233717918396,0
3823,5818,0.1916592121124267,1.857831716537476,0
3824,5819,0.2723715305328369,1.857831716537476,0
3825,5820,0.0881811156868934,1.792740821838379,0
3826,5821,0.4188810586929321,1.792740821838379,0
3827,5822,0.2848789095878601,1.7882896661758425,0
3828,5823,0.5092511177062988,1.7882896661758425,0
3829,5824,0.4088289141654968,1.8612195253372192,0
3830,5825,0.4218114018440246,1.8612195253372192,0
3831,5826,0.3596718907356262,1.8612195253372192,0
3832,5827,0.2309813648462295,1.856554388999939,0
3833,5828,0.5212181806564331,1.856554388999939,0
3834,5829,0.3568006157875061,1.840932846069336,0
3835,5830,0.6424869894981384,1.840932846069336,0
3836,5831,0.2666366398334503,1.840932846069336,0
3837,5832,0.5724475383758545,1.847950100898743,0
3838,5833,0.3365377187728882,1.847950100898743,0
3839,5834,0.5343812704086304,1.847950100898743,0
3840,5835,0.5303754210472107,1.847950100898743,0
3841,5836,0.627990186214447,1.575076699256897,0
3842,5837,0.4760909378528595,1.575076699256897,0
3843,5838,0.7799651026725769,1.575076699256897,0
3844,5839,0.8967539072036743,1.5775320529937744,0
3845,5840,0.9331498146057128,1.5775320529937744,0
3846,5841,0.9113353490829468,1.5775320529937744,0
3847,5842,0.7616175413131714,1.678820013999939,0
3848,5843,0.774729311466217,1.678820013999939,0
3849,5844,0.9349393248558044,1.678820013999939,0
3850,5845,0.7843334078788757,1.6925077438354492,0
3851,5846,0.7579004764556885,1.6925077438354492,0
3852,5847,0.6920100450515747,1.6925077438354492,0
3853,5848,0.698121964931488,0.3029971420764923,0
3854,5849,0.9927478432655334,0.3029971420764923,0
3855,5850,0.7532680034637451,0.1351393163204193,0
3856,5851,0.4554999470710754,0.1351393163204193,0
3857,5852,0.6787577271461487,0.2739466726779938,0
3858,5853,0.7111564874649048,0.2739466726779938,0
3859,5854,0.9105045795440674,0.2551072537899017,0
3860,5855,0.9314730763435364,0.2551072537899017,0
3861,5856,0.7428152561187744,0.7619439959526062,0
3862,5857,0.8237075209617615,0.7619439959526062,0
3863,5858,0.7636904716491699,0.2660654485225677,0
3864,5859,0.8829399347305298,0.2660654485225677,0
3865,5860,1.041114330291748,0.2633708417415619,0
3866,5861,0.6769611835479736,0.2633708417415619,0
3867,5862,0.915277063846588,0.612865149974823,0
3868,5863,0.860031008720398,0.612865149974823,0
3869,5864,0.7236618399620056,0.3986335098743438,0
3870,5865,0.8023144602775574,0.3986335098743438,0
3871,5866,1.0837454795837402,0.3986335098743438,0
3872,5867,0.6411663889884949,0.3306883573532104,0
3873,5868,0.632900059223175,0.3306883573532104,0
3874,5869,0.7921322584152222,0.2267055213451385,0
3875,5870,0.7820814251899719,0.2270303815603256,0
3876,5871,0.6517012715339661,0.2270303815603256,0
3877,5872,0.8621551990509033,0.3016666173934936,0
3878,5873,0.6556509733200073,0.3016666173934936,0
3879,5874,0.7314923405647278,0.3016666173934936,0
3880,5875,0.9278686046600342,0.3016666173934936,0
3881,5876,0.6629047393798828,0.4185937643051147,0
3882,5877,0.9574152231216432,0.4185937643051147,0
3883,5878,0.5362248420715332,0.4081398844718933,0
3884,5879,0.8521819114685059,0.4081398844718933,0
3885,5880,0.7972103357315063,0.4081398844718933,0
3886,5881,0.7875282764434814,0.3883400857448578,0
3887,5882,0.5234301090240479,0.3883400857448578,0
3888,5883,0.8278319835662842,0.3883400857448578,0
3889,5884,0.59930020570755,0.3883400857448578,0
3890,5885,0.8355144262313843,0.3953010439872741,0
3891,5886,0.6412217020988464,0.3953010439872741,0
3892,5887,0.745363712310791,0.3953010439872741,0
3893,5888,0.7372207045555115,0.2658539414405823,0
3894,5889,0.7058048248291016,0.2658539414405823,0
3895,5890,0.6827000975608826,0.2658539414405823,0
3896,5891,0.6281003355979919,0.3794443309307098,0
3897,5892,0.7251641154289246,0.3794443309307098,0
3898,5893,0.493698239326477,0.0845412984490394,0
3899,5894,0.715003252029419,0.0845412984490394,0
3900,5895,0.4949522018432617,0.1916431337594986,0
3901,5896,0.5262738466262817,0.1916431337594986,0
3902,5897,1.2749775648117063,0.2101800888776779,1
3903,6382,0.0682445466518402,4.190631866455078,0
3904,6383,0.0672010630369186,4.057680606842041,0
3905,6384,0.0691863149404525,4.057680606842041,0
3906,6385,0.0774938315153122,4.057680606842041,0
3907,6386,0.0995606258511543,1.9002556800842283,0
3908,6387,0.0611241199076175,1.9002556800842283,0
3909,6388,0.0990810841321945,1.2075897455215454,0
3910,6389,0.0597526393830776,1.2075897455215454,0
3911,6390,0.0787268429994583,1.2075897455215454,0
3912,6391,0.0453780479729175,1.2367855310440063,0
3913,6392,0.1258892267942428,1.2367855310440063,0
3914,6393,0.0468652583658695,1.2367855310440063,0
3915,6394,0.1029578149318695,0.4049317240715027,0
3916,6395,0.0355496853590011,0.4049317240715027,0
3917,6396,0.0958156138658523,0.9221112728118896,0
3918,6397,0.0741324424743652,0.9336108565330504,0
3919,6398,0.075686901807785,1.7550781965255735,0
3920,6399,0.0587740913033485,1.7550781965255735,0
3921,6400,0.0551783181726932,3.6678078174591056,0
3922,6401,0.0678904801607132,3.6678078174591056,0
3923,6402,0.0552276149392128,3.025146484375,0
3924,6403,0.076871246099472,3.025146484375,0
3925,6404,0.067610964179039,2.9959793090820312,0
3926,6405,0.0660249888896942,2.9959793090820312,0
3927,6406,0.0856693908572197,2.8170669078826904,0
3928,6407,0.1207448467612266,2.8170669078826904,0
3929,6408,0.083140529692173,2.8170669078826904,0
3930,6409,0.121750459074974,2.5248324871063232,0
3931,6410,0.0809901431202888,2.5248324871063232,0
3932,6411,0.1037205904722213,2.5248324871063232,0
3933,6412,0.0703551471233367,2.623291254043579,0
3934,6413,0.0563116781413555,2.623291254043579,0
3935,6414,0.1375415623188018,2.623291254043579,0
3936,6415,0.0787958428263664,2.623291254043579,0
3937,6416,0.1083756685256958,2.4589028358459477,0
3938,6417,0.079034686088562,2.4589028358459477,0
3939,6418,0.1178858652710914,2.4589028358459477,0
3940,6419,0.0861225500702858,2.703129291534424,0
3941,6420,0.0917539596557617,2.703129291534424,0
3942,6421,0.0883345231413841,2.703129291534424,0
3943,6422,0.0687182918190956,0.9317267537117004,0
3944,6423,0.1097552478313446,0.9317267537117004,0
3945,6424,0.0393384583294391,0.5636395812034607,0
3946,6425,0.0965118780732154,0.5636395812034607,0
3947,6426,0.0659480988979339,0.4099937081336975,0
3948,6427,0.100394882261753,0.4099937081336975,0
3949,6428,0.076787032186985,0.4099937081336975,0
3950,6429,0.0790800526738166,0.9398475885391236,0
3951,6430,0.0684656426310539,0.9398475885391236,0
3952,6431,0.0618272423744201,0.9398475885391236,0
3953,6432,0.0548434108495712,2.8171865940093994,0
3954,6433,0.0501755625009536,2.8171865940093994,0
3955,6434,0.0567598268389701,2.8171865940093994,0
3956,6435,0.0958861857652664,1.5940802097320557,0
3957,6436,0.0601137764751911,1.5940802097320557,0
3958,6437,0.052343837916851,1.4690543413162231,0
3959,6438,0.0502346791326999,1.4690543413162231,0
3960,6439,0.0624220371246337,1.1356910467147827,0
3961,6440,0.0535064153373241,1.1356910467147827,0
3962,6441,0.0690683871507644,1.3839797973632812,0
3963,6442,0.0276726260781288,1.3839797973632812,0
3964,6443,0.0410388633608818,1.3839797973632812,0
3965,6444,0.0353816002607345,1.272329807281494,0
3966,6445,0.042451161891222,1.272329807281494,0
3967,6446,0.0346616208553314,0.9590809941291808,0
3968,6447,0.0644511207938194,0.9590809941291808,0
3969,6448,0.0341970846056938,0.9590809941291808,0
3970,6449,0.0488408580422401,0.9045329689979552,0
3971,6450,0.0307128094136714,0.9045329689979552,0
3972,6451,0.0467495918273925,0.9045329689979552,0
3973,6452,0.0633609667420387,1.2121260166168213,0
3974,6453,0.044549461454153,1.2121260166168213,0
3975,6454,0.066242329776287,1.2121260166168213,0
3976,6455,0.0385453775525093,1.201628804206848,0
3977,6456,0.0524825453758239,1.201628804206848,0
3978,6457,0.0364747457206249,1.201628804206848,0
3979,6458,0.0441329143941402,1.2417874336242676,0
3980,6459,0.0538993850350379,1.2417874336242676,0
3981,6460,0.0454253070056438,1.2126479148864746,0
3982,6461,0.0470546819269657,1.2126479148864746,0
3983,6462,0.0365003272891044,1.2126479148864746,0
3984,6463,0.0715494304895401,1.01080584526062,0
3985,6464,0.0780568644404411,1.01080584526062,0
3986,6465,0.0518185310065746,1.0647014379501345,0
3987,6466,0.0392655730247497,1.0647014379501345,0
3988,6467,0.0436951033771038,1.0713303089141846,0
3989,6468,0.0387122221291065,1.0713303089141846,0
3990,6469,0.0381589084863662,1.0713303089141846,0
3991,6470,0.0306561887264251,0.893024742603302,0
3992,6471,0.0380957163870334,0.893024742603302,0
3993,6472,0.0661087110638618,0.893024742603302,0
3994,6473,0.0350126586854457,2.3047664165496826,0
3995,6474,0.0913383141160011,2.3047664165496826,0
3996,6475,0.0418327488005161,2.610862493515014,0
3997,6476,0.047781616449356,2.610862493515014,0
3998,6477,0.0232501272112131,3.07269024848938,0
3999,6478,0.0357119888067245,3.07269024848938,0
4000,6479,0.0282198712229728,5.552896022796631,0
4001,6480,0.0189644899219274,5.552896022796631,0
4002,6481,0.0294403210282325,5.398209571838379,0
4003,6482,0.0233019292354583,5.398209571838379,0
4004,6483,0.0320673361420631,5.519538402557373,0
4005,6484,0.0188974365592002,5.519538402557373,0
4006,6485,0.0355095714330673,5.519538402557373,0
4007,6486,0.0324234254658222,4.15777063369751,0
4008,6487,0.0344855524599552,4.15777063369751,0
4009,6488,0.0306151825934648,4.26279354095459,0
4010,6489,0.0300472415983676,4.126007556915283,0
4011,6490,0.0171786304563283,4.126007556915283,0
4012,6491,0.0216196719557046,4.127078533172607,0
4013,6492,0.0195754263550043,4.127078533172607,0
4014,6493,0.0269142612814903,4.127078533172607,0
4015,6494,0.0243167877197265,4.127078533172607,0
4016,6495,0.0297368038445711,7.703611850738525,0
4017,6496,0.0285990759730339,7.703611850738525,0
4018,6497,0.0411734394729137,7.703611850738525,0
4019,6498,0.0482907108962535,7.637253761291504,0
4020,6499,0.0386747494339942,7.637253761291504,0
4021,6500,0.0415549650788307,7.637253761291504,0
4022,6501,0.0327038466930389,7.544675350189209,0
4023,6502,0.0269882548600435,7.450067043304443,0
4024,6503,0.0271449498832225,7.266647815704346,0
4025,6504,0.0393198281526565,7.266647815704346,0
4026,6505,0.037675704807043,7.266647815704346,0
4027,6506,0.0261323899030685,7.359522342681885,0
4028,6507,0.0419625379145145,7.359522342681885,0
4029,6508,0.0439405515789985,7.359522342681885,0
4030,6509,0.0369481146335601,7.053022384643555,0
4031,6510,0.0445989184081554,7.053022384643555,0
4032,6511,0.0472668297588825,7.297511100769043,0
4033,6512,0.0243683047592639,7.297511100769043,0
4034,6513,0.0433344691991806,7.297511100769043,0
4035,6514,0.0562097430229187,7.066391944885254,0
4036,6515,0.0270010940730571,7.066391944885254,0
4037,6516,0.0375160314142704,8.378889083862305,0
4038,6517,0.0230448301881551,8.378889083862305,0
4039,6518,0.0384221337735652,10.41281509399414,0
4040,6519,0.036827877163887,10.41281509399414,0
4041,6520,0.0424755476415157,10.401654243469238,0
4042,6521,0.031624536961317,10.401654243469238,0
4043,6522,0.0494719557464122,10.401654243469238,0
4044,6523,0.0229588691145181,10.433618545532228,0
4045,6524,0.0287798233330249,10.433618545532228,0
4046,6525,0.0449692383408546,10.61677074432373,0
4047,6526,0.0360954068601131,10.61677074432373,0
4048,6527,0.0399324148893356,10.61677074432373,0
4049,6528,0.0236253030598163,8.25047779083252,0
4050,6529,0.0482459105551242,8.25047779083252,0
4051,6530,0.0514391362667083,8.25047779083252,0
4052,6531,0.0504310727119445,4.434988021850586,0
4053,6532,0.046321514993906,4.434988021850586,0
4054,6533,0.0559567622840404,4.434988021850586,0
4055,6534,0.0326467007398605,5.440073013305664,0
4056,6535,0.0489999316632747,5.440073013305664,0
4057,6536,0.0504943057894706,3.69791841506958,0
4058,6537,0.057432621717453,3.69791841506958,0
4059,6538,0.0468078851699829,3.69791841506958,0
4060,6539,0.0452830530703067,3.5588161945343018,0
4061,6540,0.032423198223114,3.5588161945343018,0
4062,6541,0.0757079571485519,3.5588161945343018,0
4063,6542,0.0229366421699523,2.9448413848876958,0
4064,6543,0.0386475250124931,2.9448413848876958,0
4065,6544,0.0284009631723165,2.7650303840637207,0
4066,6545,0.0514060482382774,2.7650303840637207,0
4067,6546,0.0337147749960422,2.7650303840637207,0
4068,6547,0.0511535666882991,4.059333324432373,0
4069,6548,0.0311243385076522,4.059333324432373,0
4070,6549,0.0489783622324466,4.059333324432373,0
4071,6550,0.0411943644285202,2.9242680072784424,0
4072,6551,0.0523905046284198,2.9242680072784424,0
4073,6552,0.0811937674880027,2.9242680072784424,0
4074,6553,0.0447638146579265,3.677195072174072,0
4075,6554,0.038546185940504,3.677195072174072,0
4076,6555,0.0450881049036979,3.677195072174072,0
4077,6556,0.0548949688673019,3.096696376800537,0
4078,6557,0.0476339682936668,3.096696376800537,0
4079,6558,0.0472890436649322,3.096696376800537,0
4080,6559,0.0473429411649704,4.935856342315674,0
4081,6560,0.0367394126951694,4.935856342315674,0
4082,6561,0.0482985526323318,5.6175031661987305,0
4083,6562,0.0354979783296585,5.6175031661987305,0
4084,6563,0.0603089183568954,5.431188106536865,0
4085,6564,0.0516759678721427,5.431188106536865,0
4086,6565,0.0689536705613136,4.244364261627197,0
4087,6566,0.0334183424711227,4.244364261627197,0
4088,6567,0.0469585284590721,4.244364261627197,0
4089,6568,0.0575745739042758,4.180273056030273,0
4090,6569,0.0423922948539257,4.180273056030273,0
4091,6570,0.0682802870869636,4.180273056030273,0
4092,6571,0.0372271575033664,3.3395421504974365,0
4093,6572,0.0788570493459701,3.3395421504974365,0
4094,6573,0.0332902520895004,3.3395421504974365,0
4095,6574,0.0712606683373451,3.3395421504974365,0
4096,6575,0.0431647673249244,3.5416767597198486,0
4097,6576,0.0606598146259784,3.5416767597198486,0
4098,6577,0.0176077000796794,3.5416767597198486,0
4099,6578,0.0746186524629592,3.4365382194519043,0
4100,6579,0.0405539534986019,3.4365382194519043,0
4101,6580,0.0214859601110219,3.4365382194519043,0
4102,6581,0.0263106077909469,3.295817613601685,0
4103,6582,0.032941099256277,3.295817613601685,0
4104,6583,0.0552215687930583,3.2207553386688232,0
4105,6584,0.0165883991867303,3.2207553386688232,0
4106,6585,0.0536212399601936,3.1223180294036865,0
4107,6586,0.0568297766149044,3.1223180294036865,0
4108,6587,0.0566114000976085,3.1223180294036865,0
4109,6588,0.0575257465243339,3.1223180294036865,0
4110,6589,0.0589859671890735,3.183399200439453,0
4111,6590,0.0731742158532142,3.183399200439453,0
4112,6591,0.0305863860994577,3.211338520050049,0
4113,6592,0.0873799175024032,3.211338520050049,0
4114,6593,0.0242187455296516,3.211338520050049,0
4115,6594,0.076172150671482,3.1208949089050293,0
4116,6595,0.0555336661636829,3.1208949089050293,0
4117,6596,0.0633754730224609,3.263402938842773,0
4118,6597,0.0612347163259983,3.263402938842773,0
4119,6598,0.0789403170347213,3.263402938842773,0
4120,6599,0.038299273699522,2.659550905227661,0
4121,6600,0.0956743210554122,3.027294397354126,0
4122,6601,0.0509899295866489,3.027294397354126,0
4123,6602,0.066964715719223,3.027294397354126,0
4124,6603,0.0894697830080986,4.140886306762695,0
4125,6604,0.0467651151120662,4.140886306762695,0
4126,6605,0.1124139428138732,3.386963367462158,0
4127,6606,0.0433806143701076,3.386963367462158,0
4128,6607,0.1122386083006858,3.386963367462158,0
4129,6608,0.0750779286026954,2.973194360733032,0
4130,6609,0.1280999034643173,2.973194360733032,0
4131,6610,0.0727427080273628,2.973194360733032,0
4132,6611,0.1339275687932968,3.479848623275757,0
4133,6612,0.0915809571743011,3.479848623275757,0
4134,6613,0.0671929866075515,3.479848623275757,0
4135,6614,0.0987593308091163,3.479848623275757,0
4136,6615,0.0511555261909961,3.479848623275757,0
4137,6616,0.0542814508080482,3.5402934551239014,0
4138,6617,0.0289096068590879,3.5402934551239014,0
4139,6618,0.0775051414966583,3.5402934551239014,0
4140,6619,0.0134862894192337,3.672135353088379,0
4141,6620,0.0493985749781131,3.672135353088379,0
4142,6621,0.0235798973590135,3.60293173789978,0
4143,6622,0.0685993358492851,3.60293173789978,0
4144,6623,0.0453821383416652,3.60293173789978,0
4145,6624,0.0268813259899616,3.572581052780152,0
4146,6625,0.0599597692489624,3.572581052780152,0
4147,6626,0.0257207192480564,5.24250602722168,0
4148,6627,0.0505612008273601,5.24250602722168,0
4149,6628,0.0134474858641624,5.475711345672607,0
4150,6629,0.0287701096385717,5.475711345672607,0
4151,6630,0.0244493912905454,5.475711345672607,0
4152,6631,0.0271519273519516,5.619272232055664,0
4153,6632,0.0361727327108383,5.619272232055664,0
4154,6633,0.0370826497673988,5.619272232055664,0
4155,6634,0.0345671512186527,4.220393180847168,0
4156,6635,0.0235188025981187,4.220393180847168,0
4157,6636,0.0359208732843399,3.74554181098938,0
4158,6637,0.031761597841978,3.74554181098938,0
4159,6638,0.0330391451716423,3.74554181098938,0
4160,6639,0.0197135396301746,4.18228816986084,0
4161,6640,0.0480727776885032,4.18228816986084,0
4162,6641,0.0264596752822399,3.672576427459717,0
4163,6642,0.033695463091135,3.672576427459717,0
4164,6643,0.0307366885244846,4.5269927978515625,0
4165,6644,0.0445480942726135,4.5269927978515625,0
4166,6645,0.0201274491846561,4.652826309204102,0
4167,6646,0.0242818612605333,4.652826309204102,0
4168,6647,0.0230117179453372,4.652826309204102,0
4169,6648,0.0228824149817228,4.632443904876709,0
4170,6649,0.0235514640808105,4.632443904876709,0
4171,6650,0.0136491991579532,4.632443904876709,0
4172,6651,0.0226366836577653,4.548664093017578,0
4173,6652,0.0312330443412065,4.548664093017578,0
4174,6653,0.0222788378596305,4.548664093017578,0
4175,6654,0.0151645867154002,4.548664093017578,0
4176,6655,0.0353573486208915,4.61580753326416,0
4177,6656,0.0215410683304071,4.61580753326416,0
4178,6657,0.0116799874231219,4.61580753326416,0
4179,6658,0.0403565242886543,4.579154014587402,0
4180,6659,0.0242554657161235,4.579154014587402,0
4181,6660,0.0248193480074405,4.579154014587402,0
4182,6661,0.0143307922407984,4.579154014587402,0
4183,6662,0.0288623142987489,4.560846328735352,0
4184,6663,0.0169827826321125,4.634530544281006,0
4185,6664,0.032344426959753,4.634530544281006,0
4186,6665,0.0595086179673671,4.69665002822876,0
4187,6666,0.0609263107180595,4.69665002822876,0
4188,6667,0.0503986999392509,4.69665002822876,0
4189,6668,0.0322501063346862,4.69665002822876,0
4190,6669,0.0538010001182556,4.416657447814941,0
4191,6670,0.0711942240595817,4.416657447814941,0
4192,6671,0.0764257162809372,4.416657447814941,0
4193,6672,0.04672347381711,6.854288101196289,0
4194,6673,0.0452461577951908,6.854288101196289,0
4195,6674,0.064566746354103,6.854288101196289,0
4196,6675,0.0509899035096168,7.266349792480469,0
4197,6676,0.061007373034954,7.266349792480469,0
4198,6677,0.0591776072978973,7.266349792480469,0
4199,6678,0.0607959367334842,6.921384334564209,0
4200,6679,0.0644349604845047,6.921384334564209,0
4201,6680,0.0479340404272079,5.240657806396484,0
4202,6681,0.0822407379746437,5.240657806396484,0
4203,6682,0.1126645058393478,4.733906269073486,0
4204,6683,0.0300838258117437,4.733906269073486,0
4205,6684,0.1044780761003494,2.986844778060913,0
4206,6685,0.0645492151379585,2.986844778060913,0
4207,6686,0.0908404290676117,2.986844778060913,0
4208,6687,0.0377821959555149,3.262739896774292,0
4209,6688,0.0657356604933738,3.262739896774292,0
4210,6689,0.0303181167691946,3.262739896774292,0
4211,6690,0.0962951183319091,3.485438823699951,0
4212,6691,0.0510746389627456,3.485438823699951,0
4213,6692,0.0990961268544197,3.485438823699951,0
4214,6693,0.0813038572669029,3.035182476043701,0
4215,6694,0.0823814123868942,3.035182476043701,0
4216,6695,0.0585482753813266,3.035182476043701,0
4217,6696,0.0332192033529281,3.449831247329712,0
4218,6697,0.0565157793462276,3.449831247329712,0
4219,6698,0.0568347573280334,3.449831247329712,0
4220,6699,0.0447040125727653,3.498913049697876,0
4221,6700,0.0438111089169979,3.498913049697876,0
4222,6701,0.0423657037317752,3.498913049697876,0
4223,6702,0.0684390813112258,3.4445784091949463,0
4224,6703,0.0358089506626129,3.4445784091949463,0
4225,6704,0.0384684540331363,3.47701358795166,0
4226,6705,0.0374320000410079,3.47701358795166,0
4227,6706,0.0566880144178867,3.47701358795166,0
4228,6707,0.0349026732146739,3.2713191509246826,0
4229,6708,0.0470351986587047,3.277093410491944,0
4230,6709,0.0452274605631828,3.3100318908691406,0
4231,6710,0.051843199878931,3.3100318908691406,0
4232,6711,0.0386351943016052,3.3100318908691406,0
4233,6712,0.0368904881179332,2.070281744003296,0
4234,6713,0.0320498012006282,2.070281744003296,0
4235,6714,0.0402232520282268,3.910611629486084,0
4236,6715,0.0304844379425048,3.910611629486084,0
4237,6716,0.0343077667057514,3.910611629486084,0
4238,6717,0.0284196566790342,4.5568037033081055,0
4239,6718,0.0342305190861225,4.5568037033081055,0
4240,6719,0.0260964948683977,4.538070201873779,0
4241,6720,0.0383827909827232,4.538070201873779,0
4242,6721,0.028652848675847,3.906251192092896,0
4243,6722,0.0425002500414848,3.906251192092896,0
4244,6723,0.0141018535941839,4.161553382873535,0
4245,6724,0.0436248891055583,4.161553382873535,0
4246,6725,0.0162128452211618,4.161553382873535,0
4247,6726,0.032468307763338,4.741034984588623,0
4248,6727,0.0282601937651634,4.741034984588623,0
4249,6728,0.0292973630130291,4.736304759979248,0
4250,6729,0.0212257336825132,4.736304759979248,0
4251,6730,0.0390710048377513,4.736304759979248,0
4252,6731,0.0322407893836498,3.7593939304351807,0
4253,6732,0.0319756865501403,3.7593939304351807,0
4254,6733,0.0332218706607818,3.7593939304351807,0
4255,6734,0.040699079632759,3.7593939304351807,0
4256,6735,0.0259354263544082,3.847490549087525,0
4257,6736,0.0183444581925869,3.847490549087525,0
4258,6737,0.0396082885563373,3.847490549087525,0
4259,6738,0.0242123436182737,3.7174205780029297,0
4260,6739,0.0536799803376197,3.7174205780029297,0
4261,6740,0.0319788269698619,3.7174205780029297,0
4262,6741,0.0565208904445171,3.592972993850708,0
4263,6742,0.0699952319264411,3.592972993850708,0
4264,6743,0.0414241179823875,3.592972993850708,0
4265,6744,0.0699847191572189,3.5090723037719727,0
4266,6745,0.0350862219929695,3.5090723037719727,0
4267,6746,0.0503630749881267,3.2652950286865234,0
4268,6747,0.0318194925785064,3.2652950286865234,0
4269,6748,0.0560712590813636,3.3745100498199463,0
4270,6749,0.0373596362769603,3.3745100498199463,0
4271,6750,0.0458080656826496,3.3745100498199463,0
4272,6751,0.0365062206983566,3.421452045440674,0
4273,6752,0.0552855022251606,3.421452045440674,0
4274,6753,0.051767136901617,3.933849334716797,0
4275,6754,0.0374819040298461,3.933849334716797,0
4276,6755,0.0448735989630222,3.933849334716797,0
4277,6756,0.0385817363858222,4.625304222106934,0
4278,6757,0.0274510364979505,4.625304222106934,0
4279,6758,0.0386058092117309,4.624255180358887,0
4280,6759,0.0263582654297351,4.624255180358887,0
4281,6760,0.0319248922169208,4.624255180358887,0
4282,6761,0.0265988856554031,4.556503772735596,0
4283,6762,0.0369526371359825,4.556503772735596,0
4284,6763,0.0334051549434661,5.4256696701049805,0
4285,6764,0.0356890298426151,5.4256696701049805,0
4286,6765,0.0418345667421817,5.771234035491943,0
4287,6766,0.0378107726573944,5.771234035491943,0
4288,6767,0.0405621491372585,5.866737842559815,0
4289,6768,0.0366063192486763,5.866737842559815,0
4290,6769,0.0274281334131956,5.866737842559815,0
4291,6770,0.0341211892664432,5.7658305168151855,0
4292,6771,0.0301228258758783,5.7658305168151855,0
4293,6772,0.0342513248324394,5.7658305168151855,0
4294,6773,0.039257675409317,5.716779708862305,0
4295,6774,0.0411356277763843,5.716779708862305,0
4296,6775,0.0346506088972091,5.716779708862305,0
4297,6776,0.0273312963545322,5.632597923278809,0
4298,6777,0.0341338068246841,5.632597923278809,0
4299,6778,0.0321088060736656,5.632597923278809,0
4300,6779,0.0284760408103466,5.652285099029541,0
4301,6780,0.0446383766829967,5.652285099029541,0
4302,6781,0.036204669624567,6.273617267608643,0
4303,6782,0.0368904918432235,6.273617267608643,0
4304,6783,0.0380445420742034,6.273617267608643,0
4305,6784,0.0202041696757078,6.193209648132324,0
4306,6785,0.0376552455127239,6.193209648132324,0
4307,6786,0.0304956808686256,6.1746110916137695,0
4308,6787,0.0377879329025745,6.1746110916137695,0
4309,6788,0.0344568639993667,6.272473335266113,0
4310,6789,0.048917531967163,6.272473335266113,0
4311,6790,0.0483958199620246,6.272473335266113,0
4312,6791,0.0427765659987926,6.133225440979004,0
4313,6792,0.0550844073295593,6.229969501495361,0
4314,6793,0.0778922513127327,6.229969501495361,0
4315,6794,0.0528713464736938,6.300804138183594,0
4316,6795,0.0662054345011711,6.300804138183594,0
4317,6796,0.0351510420441627,5.888705730438232,0
4318,6797,0.06539086997509,5.888705730438232,0
4319,6798,0.0314222276210784,5.888705730438232,0
4320,6799,0.0607259348034858,4.172554969787598,0
4321,6800,0.0437973551452159,4.172554969787598,0
4322,6801,0.0498902313411235,4.412128448486328,0
4323,6802,0.0393310636281967,4.412128448486328,0
4324,6803,0.0534609481692314,3.8150744438171382,0
4325,6804,0.0455240681767463,3.8150744438171382,0
4326,6805,0.0490937270224094,3.117629289627075,0
4327,6806,0.044275913387537,3.117629289627075,0
4328,6807,0.0430008098483085,3.117629289627075,0
4329,6808,0.0651008114218711,3.2296836376190186,0
4330,6809,0.0644946694374084,3.2296836376190186,0
4331,6810,0.0438189730048179,3.2296836376190186,0
4332,6811,0.061660811305046,3.2230803966522217,0
4333,6812,0.0379778072237968,3.2230803966522217,0
4334,6813,0.0570910461246967,2.9532413482666016,0
4335,6814,0.035582635551691,2.9532413482666016,0
4336,6815,0.0512918941676616,2.9532413482666016,0
4337,6816,0.0418836884200573,3.173030138015747,0
4338,6817,0.0553275160491466,3.173030138015747,0
4339,6818,0.0461986996233463,3.173030138015747,0
4340,6819,0.0642716139554977,2.9991238117218018,0
4341,6820,0.0642018988728523,2.9991238117218018,0
4342,6821,0.0473954118788242,2.9991238117218018,0
4343,6822,0.0614365600049495,3.1140899658203125,0
4344,6823,0.0508287996053695,3.08325719833374,0
4345,6824,0.054157018661499,3.943209409713745,0
4346,6825,0.0433966405689716,3.943209409713745,0
4347,6826,0.0662683099508285,3.8958003520965576,0
4348,6827,0.0340190753340721,3.8958003520965576,0
4349,6828,0.0430402532219886,3.1863646507263184,0
4350,6829,0.0405712537467479,3.1863646507263184,0
4351,6830,0.0506704226136207,3.417316675186157,0
4352,6831,0.046598020941019,3.417316675186157,0
4353,6832,0.055136539041996,3.417316675186157,0
4354,6833,0.0483932085335254,3.364928722381592,0
4355,6834,0.0475593246519565,3.364928722381592,0
4356,6835,0.0356473363935947,3.364928722381592,0
4357,6836,0.0437611192464828,3.2398149967193604,0
4358,6837,0.0427463725209236,3.2398149967193604,0
4359,6838,0.0514856465160846,3.2398149967193604,0
4360,6839,0.0333576202392578,3.3293652534484863,0
4361,6840,0.0452022887766361,3.365056037902832,0
4362,6841,0.0417901054024696,3.1525814533233643,0
4363,6842,0.0702815875411033,0.7284713387489319,1
4364,7672,0.000550708384253,4.3384623527526855,0
4365,7673,0.0008048199815675,4.3384623527526855,0
4366,7674,0.0024303577374666,3.416250467300415,0
4367,7675,0.0026846972759813,3.416250467300415,0
4368,7676,0.0026761228218674,3.416250467300415,0
4369,7677,0.004262903239578,3.416250467300415,0
4370,7678,0.0043309833854436,3.536517143249512,0
4371,7679,0.0037980105262249,3.536517143249512,0
4372,7680,0.002813063096255,3.536517143249512,0
4373,7681,0.0034998459741473,4.334625720977783,0
4374,7682,0.0026021734811365,4.334625720977783,0
4375,7683,0.0,4.334625720977783,0
4376,7684,0.0,4.397696495056152,0
4377,7685,0.0010234764777123,4.397696495056152,0
4378,7686,0.0021633494179695,4.397696495056152,0
4379,7687,0.002274609170854,4.483572006225586,0
4380,7688,0.0022558139171451,4.483572006225586,0
4381,7689,0.0035221900325268,4.262895107269287,0
4382,7690,0.0043960260227322,4.262895107269287,0
4383,7691,0.0016257726820185,4.262895107269287,0
4384,7692,0.0041810730472207,3.927101373672485,0
4385,7693,0.0002914072247222,3.927101373672485,0
4386,7694,0.0061351512558758,3.1585443019866943,0
4387,7695,0.0013825892237946,3.1585443019866943,0
4388,7696,0.0112937903031706,3.1287736892700195,0
4389,7697,0.002236703177914,3.1287736892700195,0
4390,7698,0.008914578706026,4.642126560211182,0
4391,7699,0.0038827632088214,4.642126560211182,0
4392,7700,0.0098744360730052,4.658280849456787,0
4393,7701,0.0035376970190554,4.658280849456787,0
4394,7702,0.0083041302859783,4.340627670288086,0
4395,7703,0.0059220814146101,4.340627670288086,0
4396,7704,0.0027979568112641,4.605749130249023,0
4397,7705,0.0045265387743711,4.605749130249023,0
4398,7706,0.0020551499910652,4.605749130249023,0
4399,7707,0.0027090103831142,3.1728665828704834,0
4400,7708,0.0021022292785346,3.1728665828704834,0
4401,7709,0.0031344261951744,3.129141569137573,0
4402,7710,0.0070123728364706,3.129141569137573,0
4403,7711,0.0046663442626595,3.129141569137573,0
4404,7712,0.0037650698795914,3.978393316268921,0
4405,7713,0.0020569674670696,3.978393316268921,0
4406,7714,0.0027777599170804,3.978393316268921,0
4407,7715,0.0027099046856164,4.4986677169799805,0
4408,7716,0.0040045604109764,4.4986677169799805,0
4409,7717,0.0028486906085163,4.4986677169799805,0
4410,7718,0.0055387797765433,4.4986677169799805,0
4411,7719,0.0040375385433435,4.660989761352539,0
4412,7720,0.0018718771170824,4.660989761352539,0
4413,7721,0.0018797048833221,4.660989761352539,0
4414,7722,0.003567450447008,10.432042121887209,0
4415,7723,0.0031325225718319,10.432042121887209,0
4416,7724,0.0012887992197647,10.432042121887209,0
4417,7725,0.0013343699974939,4.377074718475342,0
4418,7726,0.000298505910905,4.377074718475342,0
4419,7727,0.0033159169834107,4.377074718475342,0
4420,7728,0.0011972654610872,4.295461177825928,0
4421,7729,0.0014921583933755,4.295461177825928,0
4422,7730,0.0023534160573035,4.59546422958374,0
4423,7731,0.0011896126670762,4.59546422958374,0
4424,7732,0.0008602642919868,4.59546422958374,0
4425,7733,0.0014450951712206,4.13363790512085,0
4426,7734,0.0004230072372592,4.13363790512085,0
4427,7735,0.0023942245170474,4.123831748962402,0
4428,7736,0.0005492338095791,4.123831748962402,0
4429,7737,0.001428008894436,3.638480424880981,0
4430,7738,0.0017607625341042,3.638480424880981,0
4431,7739,0.0021184254437685,4.67182207107544,0
4432,7740,0.0035093727055937,4.67182207107544,0
4433,7741,0.0077081150375306,3.2302680015563965,0
4434,7742,0.0030977926217019,3.2302680015563965,0
4435,7743,0.008959294296801,4.833268642425537,0
4436,7744,0.0022935988381505,4.833268642425537,0
4437,7745,0.0080944234505295,2.87062406539917,0
4438,7746,0.0030095058027654,2.87062406539917,0
4439,7747,0.0088784033432602,4.2374372482299805,0
4440,7748,0.0022029986139386,4.2374372482299805,0
4441,7749,0.0079857446253299,4.2374372482299805,0
4442,7750,0.0031882284674793,4.2705183029174805,0
4443,7751,0.0083571877330541,4.2705183029174805,0
4444,7752,0.008228083141148,4.2705183029174805,0
4445,7753,0.0047225505113601,2.8990602493286133,0
4446,7754,0.0119795817881822,2.8990602493286133,0
4447,7755,0.0072834184393286,2.8990602493286133,0
4448,7756,0.0139673091471195,4.53749418258667,0
4449,7757,0.0071085058152675,4.53749418258667,0
4450,7758,0.0071071982383728,4.53749418258667,0
4451,7759,0.0054337703622877,4.53749418258667,0
4452,7760,0.0083367973566055,4.383245468139648,0
4453,7761,0.0060180705040693,4.383245468139648,0
4454,7762,0.0099055469036102,3.737677335739136,0
4455,7763,0.0184869728982448,3.737677335739136,0
4456,7764,0.0084577621892094,3.737677335739136,0
4457,7765,0.0107865296304225,3.737677335739136,0
4458,7766,0.0056077670305967,3.0515694618225098,0
4459,7767,0.0089002018794417,3.0515694618225098,0
4460,7768,0.0072205332107841,3.0515694618225098,0
4461,7769,0.0097628030925989,4.446910858154297,0
4462,7770,0.0042015006765723,4.446910858154297,0
4463,7771,0.0050007104873657,4.446910858154297,0
4464,7772,0.0064824372529983,4.309332847595215,0
4465,7773,0.0063431342132389,4.309332847595215,0
4466,7774,0.0124169047921895,3.8609538078308105,0
4467,7775,0.0055998349562287,3.8609538078308105,0
4468,7776,0.0120958955958485,3.070064783096313,0
4469,7777,0.0095822000876069,3.070064783096313,0
4470,7778,0.0118948500603437,3.070064783096313,0
4471,7779,0.0036958446726202,4.325318813323975,0
4472,7780,0.0081003811210393,3.201159238815308,0
4473,7781,0.0057626729831099,3.201159238815308,0
4474,7782,0.0071384976617991,4.3602495193481445,0
4475,7783,0.0057400721125304,4.3602495193481445,0
4476,7784,0.0072406260296702,3.067307710647583,0
4477,7785,0.0081703616306185,3.067307710647583,0
4478,7786,0.0073363445699214,3.1171345710754395,0
4479,7787,0.0061574392020702,3.1171345710754395,0
4480,7788,0.0063778753392398,3.1171345710754395,0
4481,7789,0.0063590100035071,4.408480167388916,0
4482,7790,0.0052134627476334,4.408480167388916,0
4483,7791,0.0049663549289107,4.246884822845459,0
4484,7792,0.0014540306292474,4.210076332092285,0
4485,7793,0.0042075025849044,4.210076332092285,0
4486,7794,0.0016332627274096,4.061870098114014,0
4487,7795,0.0063418010249733,4.061870098114014,0
4488,7796,0.0028437625151127,4.061870098114014,0
4489,7797,0.0077639780938625,4.164261341094971,0
4490,7798,0.0040497635491192,4.164261341094971,0
4491,7799,0.0062744366005063,4.164261341094971,0
4492,7800,0.0036341878585517,4.164261341094971,0
4493,7801,0.0080920048058032,3.74690580368042,0
4494,7802,0.0046042283065617,3.74690580368042,0
4495,7803,0.0033829812891781,3.153909206390381,0
4496,7804,0.0051118955016136,3.153909206390381,0
4497,7805,0.0038232039660215,3.153909206390381,0
4498,7806,0.0045659663155674,3.0085229873657227,0
4499,7807,0.0047527034766972,3.0085229873657227,0
4500,7808,0.0095248874276876,3.0085229873657227,0
4501,7809,0.0055866022594273,4.253458499908447,0
4502,7810,0.0052694152109324,4.253458499908447,0
4503,7811,0.0050916960462927,4.253458499908447,0
4504,7812,0.0087419785559177,4.42323112487793,0
4505,7813,0.0028579584322869,4.42323112487793,0
4506,7814,0.0050886091776192,4.257678508758545,0
4507,7815,0.0035826950334012,4.265548229217529,0
4508,7816,0.0039038055110722,4.265548229217529,0
4509,7817,0.0037867166101932,4.416110038757324,0
4510,7818,0.0024619444739073,4.416110038757324,0
4511,7819,0.0045508067123591,4.370584964752197,0
4512,7820,0.0046014189720153,4.370584964752197,0
4513,7821,0.0032274681143462,3.038614273071289,0
4514,7822,0.0033139956649392,3.038614273071289,0
4515,7823,0.0055004409514367,4.476102828979492,0
4516,7824,0.0032301866449415,4.476102828979492,0
4517,7825,0.0029598923865705,4.479700565338135,0
4518,7826,0.0050899782218039,4.479700565338135,0
4519,7827,0.0011675264686346,3.002427816390991,0
4520,7828,0.0032295826822519,3.002427816390991,0
4521,7829,0.0021088256035,3.002427816390991,0
4522,7830,0.0080206412822008,4.323335647583008,0
4523,7831,0.0021925661712884,4.323335647583008,0
4524,7832,0.0032743471674621,4.323335647583008,0
4525,7833,0.0037864311598241,4.12526798248291,0
4526,7834,0.0054056951776146,4.12526798248291,0
4527,7835,0.0036072318907827,4.12526798248291,0
4528,7836,0.0036135951522737,4.01572847366333,0
4529,7837,0.0045922081917524,4.01572847366333,0
4530,7838,0.0025506652891635,4.01572847366333,0
4531,7839,0.0022486299276351,4.066675662994385,0
4532,7840,0.0015906777698546,4.066675662994385,0
4533,7841,0.0027492097578942,4.066675662994385,0
4534,7842,0.006298956926912,4.14085578918457,0
4535,7843,0.004324544686824,4.14085578918457,0
4536,7844,0.0028411750681698,4.14085578918457,0
4537,7845,0.0043292087502777,4.250377178192139,0
4538,7846,0.0029178562108427,4.250377178192139,0
4539,7847,0.0040553673170506,4.250377178192139,0
4540,7848,0.0038756008725613,3.179762840270996,0
4541,7849,0.0020452404860407,3.179762840270996,0
4542,7850,0.0034200062509626,3.179762840270996,0
4543,7851,0.0017011079471558,3.514676094055176,0
4544,7852,0.0031498644966632,3.514676094055176,0
4545,7853,0.0051183942705392,3.514676094055176,0
4546,7854,0.0036027433816343,4.284421443939209,0
4547,7855,0.0022777370177209,4.284421443939209,0
4548,7856,0.0048282407224178,4.284421443939209,0
4549,7857,0.0045553408563137,4.33054256439209,0
4550,7858,0.0042524491436779,4.33054256439209,0
4551,7859,0.0042957109399139,4.115316867828369,0
4552,7860,0.0029418698977679,4.115316867828369,0
4553,7861,0.0045125065371394,2.5796406269073486,0
4554,7862,0.0032844694796949,2.5796406269073486,0
4555,7863,0.0040352665819227,2.5796406269073486,0
4556,7864,0.0048611145466566,3.6112968921661377,0
4557,7865,0.0042039533145725,3.6112968921661377,0
4558,7866,0.0044411420822143,2.9013872146606445,0
4559,7867,0.0065435208380222,2.9013872146606445,0
4560,7868,0.0016393775586038,3.168673038482666,0
4561,7869,0.0037925350479781,3.168673038482666,0
4562,7870,0.0028337652329355,3.168673038482666,0
4563,7871,0.0013328971108421,2.943350553512573,0
4564,7872,0.002401610603556,2.943350553512573,0
4565,7873,0.0027290822472423,2.943350553512573,0
4566,7874,0.0028424023184925,4.212914943695068,0
4567,7875,0.0039098369888961,4.212914943695068,0
4568,7876,0.004808384925127,3.293414831161499,0
4569,7877,0.0036898283287882,3.273533821105957,0
4570,7878,0.0043915179558098,3.273533821105957,0
4571,7879,0.0032214687671512,3.273533821105957,0
4572,7880,0.0035613202489912,3.3476924896240234,0
4573,7881,0.0045868712477386,3.3476924896240234,0
4574,7882,0.0013649075990542,3.3476924896240234,0
4575,7883,0.0033747244160622,4.324227809906006,0
4576,7884,0.0031017086002975,4.324227809906006,0
4577,7885,0.0039002730045467,4.324227809906006,0
4578,7886,0.0057774139568209,4.324227809906006,0
4579,7887,0.0050554596818983,2.047452688217163,0
4580,7888,0.0056053390726447,2.047452688217163,0
4581,7889,0.0054199923761188,2.047452688217163,0
4582,7890,0.0036693830043077,3.0938971042633057,0
4583,7891,0.000929664063733,3.0938971042633057,0
4584,7892,0.0015135948779061,3.0938971042633057,0
4585,7893,0.0,4.029285430908203,0
4586,7894,0.0006265431293286,4.029285430908203,0
4587,7895,0.0011246914509683,4.029285430908203,0
4588,7896,0.0019295758102089,3.913984298706055,0
4589,7897,0.0013408820377662,3.913984298706055,0
4590,7898,0.0022964451927691,4.0251545906066895,0
4591,7899,0.0027920664288103,4.0251545906066895,0
4592,7900,0.0081806657835841,3.6124889850616455,0
4593,7901,0.0042079389095306,3.6124889850616455,0
4594,7902,0.0054333205334842,3.6124889850616455,0
4595,7903,0.0023406511172652,4.0495686531066895,0
4596,7904,0.0028871223330497,4.0495686531066895,0
4597,7905,0.0018264584941789,4.088967800140381,0
4598,7906,0.0031540379859507,4.088967800140381,0
4599,7907,0.0011618742719292,4.165369033813477,0
4600,7908,0.0062533468008041,4.165369033813477,0
4601,7909,0.0017001177184283,3.6832759380340576,0
4602,7910,0.002774866996333,3.6832759380340576,0
4603,7911,0.003405618481338,3.8469083309173584,0
4604,7912,0.0020653246901929,3.8469083309173584,0
4605,7913,0.0011985530145466,3.8469083309173584,0
4606,7914,0.0008805579855106,3.91203498840332,0
4607,7915,0.0036516902036964,3.91203498840332,0
4608,7916,5.013517147745006e-05,3.91203498840332,0
4609,7917,0.0027846966404467,3.468088865280152,0
4610,7918,6.343488348647952e-05,3.468088865280152,0
4611,7919,0.0089197158813476,4.11790132522583,0
4612,7920,0.0,4.11790132522583,0
4613,7921,0.0003708832373376,4.11790132522583,0
4614,7922,0.0019226151052862,4.11790132522583,0
4615,7923,0.0010315690888091,3.483772754669189,0
4616,7924,0.0,3.483772754669189,0
4617,7925,0.0002093940565828,3.824711799621582,0
4618,7926,0.0,3.824711799621582,0
4619,7927,0.0,3.824711799621582,0
4620,7928,0.0002061943523585,4.058982372283936,0
4621,7929,0.0,4.092244625091553,0
4622,7930,0.0010690666968002,4.092244625091553,0
4623,7931,0.0017989863408729,4.0127482414245605,0
4624,7932,0.0016702419379726,4.0127482414245605,0
4625,7933,0.0017088638851419,4.170559406280518,0
4626,7934,0.0039994148537516,4.170559406280518,0
4627,7935,0.0016723667504265,4.170559406280518,0
4628,7936,0.0,4.071361541748047,0
4629,7937,0.0,4.071361541748047,0
4630,7938,0.0,4.071361541748047,0
4631,7939,0.0003393109655007,3.4533581733703613,0
4632,7940,0.0,3.4533581733703613,0
4633,7941,0.0006123221246525,3.1125471591949463,0
4634,7942,0.0027464805170893,3.1125471591949463,0
4635,7943,0.0024704630486667,3.1125471591949463,0
4636,7944,0.0016303629381582,3.5513641834259038,0
4637,7945,0.0025326027534902,3.5513641834259038,0
4638,7946,0.0,4.228669166564941,0
4639,7947,0.0002473181230016,4.228669166564941,0
4640,7948,0.0,4.080157279968262,0
4641,7949,0.0,4.080157279968262,0
4642,7950,0.0,4.080157279968262,0
4643,7951,0.0,3.0994327068328857,0
4644,7952,0.0,3.0994327068328857,0
4645,7953,0.0,3.0994327068328857,0
4646,7954,0.0,3.721805095672608,0
4647,7955,0.0,3.721805095672608,0
4648,7956,0.0,2.909926652908325,0
4649,7957,1.8386790543445383e-05,2.909926652908325,0
4650,7958,0.0008170178043656,2.909926652908325,0
4651,7959,0.0,2.616188764572144,0
4652,7960,0.0,2.616188764572144,0
4653,7961,0.0,3.888015985488892,0
4654,7962,0.0,3.888015985488892,0
4655,7963,0.0,3.888015985488892,0
4656,7964,0.0,4.132660865783691,0
4657,7965,0.0,4.132660865783691,0
4658,7966,0.0,4.132660865783691,0
4659,7967,0.0,3.992969036102295,0
4660,7968,0.0,3.992969036102295,0
4661,7969,0.0,3.934983253479004,0
4662,7970,0.0,3.934983253479004,0
4663,7971,0.0,3.934983253479004,0
4664,7972,0.0,3.759078502655029,0
4665,7973,0.0,3.759078502655029,0
4666,7974,0.0,3.981403827667236,0
4667,7975,0.0,3.981403827667236,0
4668,7976,0.0,3.981403827667236,0
4669,7977,0.0,4.031661987304688,0
4670,7978,0.0,4.031661987304688,0
4671,7979,0.0,4.031661987304688,0
4672,7980,0.0,3.2519643306732178,0
4673,7981,0.0,3.2519643306732178,0
4674,7982,0.0,3.989567041397095,0
4675,7983,0.0,3.989567041397095,0
4676,7984,0.0,4.182881832122803,0
4677,7985,0.0,4.182881832122803,0
4678,7986,0.0,3.2202024459838867,0
4679,7987,0.0,3.2202024459838867,0
4680,7988,0.0,3.2202024459838867,0
4681,7989,0.0,3.2736849784851074,0
4682,7990,0.0,3.2736849784851074,0
4683,7991,0.0,3.2736849784851074,0
4684,7992,0.0,3.430572271347046,0
4685,7993,0.0,3.430572271347046,0
4686,7994,0.0,3.430572271347046,0
4687,7995,0.0,3.308804750442505,0
4688,7996,0.0003820339334197,3.308804750442505,0
4689,7997,0.0,3.9465367794036874,0
4690,7998,0.0020581930875778,3.9465367794036874,0
4691,7999,0.0,3.9465367794036874,0
4692,8000,0.0,3.470003128051758,0
4693,8001,0.0004085667897015,3.470003128051758,0
4694,8002,0.0005520036211237,3.8788154125213614,0
4695,8003,0.0001572251931065,3.8788154125213614,0
4696,8004,0.0,3.8788154125213614,0
4697,8005,0.0,3.767581224441528,0
4698,8006,0.0,3.767581224441528,0
4699,8007,0.0001254106755368,3.88100266456604,0
4700,8008,0.0001164972127298,3.88100266456604,0
4701,8009,0.0,3.5637168884277344,0
4702,8010,0.0002992779773194,3.5637168884277344,0
4703,8011,0.0005832042079418,3.5637168884277344,0
4704,8012,0.0014644619077444,3.77858567237854,0
4705,8013,0.0024253576993942,3.77858567237854,0
4706,8014,0.0,3.77858567237854,0
4707,8015,0.004008509684354,3.219998836517334,0
4708,8016,0.0012107065413147,3.2478342056274414,0
4709,8017,0.0067183189094066,2.860991716384888,0
4710,8018,0.0006522701587527,2.860991716384888,0
4711,8019,0.0105964438989758,2.860991716384888,0
4712,8020,0.0,2.875314235687256,0
4713,8021,0.0021546396892517,2.875314235687256,0
4714,8022,0.0,4.460691452026367,0
4715,8023,0.0011556373210623,4.460691452026367,0
4716,8024,0.0003320884425193,4.460691452026367,0
4717,8025,0.0007228549220599,4.367493629455566,0
4718,8026,0.0005155905964784,4.367493629455566,0
4719,8027,0.0,2.92519760131836,0
4720,8028,0.0,2.92519760131836,0
4721,8029,0.0,2.92519760131836,0
4722,8030,0.0,4.152244567871094,0
4723,8031,0.0,4.152244567871094,0
4724,8032,0.0010006979573518,4.121059894561768,0
4725,8033,0.0002543906739447,4.121059894561768,0
4726,8034,0.0007445259834639,4.121059894561768,0
4727,8035,0.0,3.181297779083252,0
4728,8036,0.0016244886210188,3.181297779083252,0
4729,8037,0.0008705739164724,3.471330165863037,0
4730,8038,0.0021191628184169,3.471330165863037,0
4731,8039,0.0004700523277278,3.471330165863037,0
4732,8040,0.002245909301564,3.356966018676758,0
4733,8041,0.0012263503158465,3.356966018676758,0
4734,8042,0.0,3.356966018676758,0
4735,8043,0.0006837958935648,9.298276901245115,0
4736,8044,0.0,9.298276901245115,0
4737,8045,0.0005539066041819,9.298276901245115,0
4738,8046,0.0,2.564542293548584,0
4739,8047,0.0038780162576586,4.052761554718018,0
4740,8048,0.0,4.052761554718018,0
4741,8049,0.0011289906688034,4.052761554718018,0
4742,8050,0.0,2.6685712337493896,0
4743,8051,0.0004341570311225,2.6685712337493896,0
4744,8052,0.0001344527991022,3.01027250289917,0
4745,8053,0.0,3.01027250289917,0
4746,8054,0.0011652241228148,3.01027250289917,0
4747,8055,0.0,3.8593461513519287,0
4748,8056,0.0001412437268299,3.8593461513519287,0
4749,8057,0.0,3.8593461513519287,0
4750,8058,0.0003997406456619,3.464303970336914,0
4751,8059,0.0,3.464303970336914,0
4752,8060,0.0013947865227237,3.464303970336914,0
4753,8061,0.0,3.2861649990081787,0
4754,8062,0.0,3.2861649990081787,0
4755,8063,0.0,3.432572364807129,0
4756,8064,0.0006852443912066,3.432572364807129,0
4757,8065,0.0,3.5212960243225098,0
4758,8066,0.0,3.5212960243225098,0
4759,8067,0.0,3.5212960243225098,0
4760,8068,0.0,3.3992373943328857,0
4761,8069,0.0,3.3992373943328857,0
4762,8070,0.0,3.3992373943328857,0
4763,8071,0.0,5.8477091789245605,0
4764,8072,0.0,5.8477091789245605,0
4765,8073,0.0,5.8477091789245605,0
4766,8074,0.0,4.176301956176758,0
4767,8075,0.0,4.176301956176758,0
4768,8076,0.0,4.176301956176758,0
4769,8077,0.0005059275426901,3.389505624771118,0
4770,8078,0.0,3.389505624771118,0
4771,8079,0.0,3.220976591110229,0
4772,8080,0.0001523154351161,3.220976591110229,0
4773,8081,0.0003823500883299,3.220976591110229,0
4774,8082,0.000397269410314,4.26882266998291,0
4775,8083,0.0,4.26882266998291,0
4776,8084,0.0020900885574519,4.26882266998291,0
4777,8085,0.0,3.3829538822174072,0
4778,8086,0.0001499446952948,3.3829538822174072,0
4779,8087,0.0,4.049163818359375,0
4780,8088,0.0,4.049163818359375,0
4781,8089,0.0007739680586382,4.25034236907959,0
4782,8090,0.0,4.25034236907959,0
4783,8091,0.0,4.537520408630371,0
4784,8092,0.0,4.537520408630371,0
4785,8093,0.0,3.989741325378418,0
4786,8094,0.0,3.989741325378418,0
4787,8095,0.0,3.989741325378418,0
4788,8096,0.0,3.8123254776000977,0
4789,8097,0.0,3.8123254776000977,0
4790,8098,0.0,3.8123254776000977,0
4791,8099,0.0,3.012258291244507,0
4792,8100,0.0,3.012258291244507,0
4793,8101,0.0,4.180953025817871,0
4794,8102,0.0010271932696923,4.180953025817871,0
4795,8103,0.0,3.1474030017852783,0
4796,8104,0.0012607156531885,3.1474030017852783,0
4797,8105,0.0003557933378033,3.1474030017852783,0
4798,8106,0.0017851589946076,3.1710236072540283,0
4799,8107,0.0018470499198883,3.1710236072540283,0
4800,8108,0.0031576314941048,3.1710236072540283,0
4801,8109,0.0009933075634762,3.4198367595672607,0
4802,8110,0.0,3.4198367595672607,0
4803,8111,0.0010409676469862,3.4198367595672607,0
4804,8112,0.0001182716005132,3.037669897079468,0
4805,8113,0.0,3.037669897079468,0
4806,8114,0.0,3.407343864440918,0
4807,8115,0.0,3.407343864440918,0
4808,8116,0.0,3.407343864440918,0
4809,8117,0.0004341607855167,3.0826423168182373,0
4810,8118,0.0,3.1630308628082275,0
4811,8119,0.0012670509750023,3.1630308628082275,0
4812,8120,0.0,2.980891466140747,0
4813,8121,0.0,2.980891466140747,0
4814,8122,0.0001310007355641,2.980891466140747,0
4815,8123,0.0,3.757107973098755,0
4816,8124,0.0012225215323269,3.805333137512207,0
4817,8125,0.0,3.1758835315704346,0
4818,8126,0.0002684551873244,3.1758835315704346,0
4819,8127,0.0,7.788079261779785,0
4820,8128,0.0014488386223092,7.788079261779785,0
4821,8129,0.0,7.92017650604248,0
4822,8130,0.0,7.92017650604248,0
4823,8131,0.0,7.92017650604248,0
4824,8132,0.0,3.2876224517822266,0
4825,8133,0.0,3.2876224517822266,0
4826,8134,0.0008802738739177,3.751667499542236,0
4827,8135,0.0,3.751667499542236,0
4828,8136,0.0004769022925756,3.751667499542236,0
4829,8137,0.0,3.909815788269043,0
4830,8138,0.0,3.909815788269043,0
4831,8139,0.0,3.909815788269043,0
4832,8140,0.0,3.090712785720825,0
4833,8141,0.0025292087811976,3.090712785720825,0
4834,8142,0.0,2.3520312309265137,0
4835,8143,0.0005502700223587,2.3520312309265137,0
4836,8144,0.0,2.3520312309265137,0
4837,8145,0.0012500198790803,1.6085751056671145,0
4838,8146,0.0,1.6085751056671145,0
4839,8147,0.0,1.6085751056671145,0
4840,8148,0.0,2.511390686035156,0
4841,8149,0.0,2.511390686035156,0
4842,8150,0.0,4.266722679138184,0
4843,8151,0.0,4.266722679138184,0
4844,8152,0.0,4.266722679138184,0
4845,8153,0.0,2.5259716510772705,0
4846,8154,0.0,2.5259716510772705,0
4847,8155,0.0,3.8063907623291016,0
4848,8156,0.0,3.8063907623291016,0
4849,8157,0.0,3.8063907623291016,0
4850,8158,0.0,2.7510995864868164,0
4851,8159,0.0,2.7510995864868164,0
4852,8160,0.0,2.7510995864868164,0
4853,8161,0.0,3.64517593383789,0
4854,8162,0.0,3.64517593383789,0
4855,8163,0.0,3.02960467338562,0
4856,8164,0.0,3.02960467338562,0
4857,8165,0.0,3.4254891872406006,0
4858,8166,0.0,3.4254891872406006,0
4859,8167,0.0,3.4254891872406006,0
4860,8168,0.0,4.160226821899414,0
4861,8169,0.0,4.160226821899414,0
4862,8170,0.0,2.9182369709014893,0
4863,8171,0.0,2.9182369709014893,0
4864,8172,0.0,3.4333860874176025,0
4865,8173,0.0,3.4333860874176025,0
4866,8174,0.0,3.921323537826538,0
4867,8175,0.0,3.921323537826538,0
4868,8176,0.0,3.921323537826538,0
4869,8177,0.0,3.2886946201324463,0
4870,8178,0.0,3.240436315536499,0
4871,8179,0.0,3.240436315536499,0
4872,8180,0.001008236547932,3.1711642742156982,0
4873,8181,0.0003202528459951,3.16260313987732,0
4874,8182,0.0,3.16260313987732,0
4875,8183,0.0,4.738386631011963,0
4876,8184,0.0,4.738386631011963,0
4877,8185,0.0,4.738386631011963,0
4878,8186,0.000802053429652,2.4348061084747314,0
4879,8187,0.0,2.4348061084747314,0
4880,8188,0.0,3.9728305339813232,0
4881,8189,0.0,3.9728305339813232,0
4882,8190,0.0,3.9728305339813232,0
4883,8191,0.0012291913153603,2.639484643936157,0
4884,8192,0.0,2.639484643936157,0
4885,8193,0.0,3.6596219539642334,0
4886,8194,0.0,3.6596219539642334,0
4887,8195,0.0,3.6596219539642334,0
4888,8196,0.0,4.021410942077637,0
4889,8197,0.0,4.021410942077637,0
4890,8198,0.0,4.021410942077637,0
4891,8199,0.0002492535859346,3.098095178604126,0
4892,8200,0.0,3.098095178604126,0
4893,8201,0.0,1.994602918624878,0
4894,8202,0.0,1.994602918624878,0
4895,8203,0.0,1.994602918624878,0
4896,8204,0.0,3.033090353012085,0
4897,8205,0.0,3.033090353012085,0
4898,8206,0.0,2.878316640853882,0
4899,8207,0.0,2.878316640853882,0
4900,8208,0.0022854099515825,2.7323334217071533,0
4901,8209,0.0021408752072602,3.7960422039031982,0
4902,8210,0.0030290721915662,3.7960422039031982,0
4903,8211,0.001248684246093,3.7960422039031982,0
4904,8212,0.0020059426315128,3.1274220943450928,0
4905,8213,0.0001960213267011,3.1954119205474854,0
4906,8214,0.0,3.3919034004211426,0
4907,8215,0.000131246051751,3.3919034004211426,0
4908,8216,0.0009381107520312,8.47385311126709,0
4909,8217,0.0,8.47385311126709,0
4910,8218,0.0,8.47385311126709,0
4911,8219,0.0023411943111568,2.5624914169311523,0
4912,8220,0.0005627741338685,2.5624914169311523,0
4913,8221,0.0005815420881845,2.5624914169311523,0
4914,8222,0.0022085246164351,3.4987170696258545,0
4915,8223,0.0019984976388514,3.4987170696258545,0
4916,8224,0.0024709033314138,3.4987170696258545,0
4917,8225,0.0021824992727488,2.0001375675201416,0
4918,8226,0.0027617649175226,2.0001375675201416,0
4919,8227,0.0024299211800098,2.0001375675201416,0
4920,8228,0.0024157234001904,1.064965009689331,0
4921,8229,0.0028921046759933,1.064965009689331,0
4922,8230,0.0019177211215719,1.064965009689331,0
4923,8231,0.0,1.1512280702590942,0
4924,8232,0.0,1.1512280702590942,0
4925,8233,0.001592147978954,1.1512280702590942,0
4926,8234,0.000899804465007,1.0124489068984983,0
4927,8235,0.0,1.0124489068984983,0
4928,8236,0.0,1.0124489068984983,0
4929,8237,0.0,1.0952950716018677,0
4930,8238,0.0,1.096097111701965,0
4931,8239,0.0,1.096097111701965,0
4932,8240,0.0,3.408418893814087,0
4933,8241,0.0,3.408418893814087,0
4934,8242,0.0,2.970254898071289,0
4935,8243,0.0,2.970254898071289,0
4936,8244,0.0,2.970254898071289,0
4937,8245,0.0,3.752915620803833,0
4938,8246,0.0,3.752915620803833,0
4939,8247,0.0,3.2156460285186768,0
4940,8248,0.0,3.2156460285186768,0
4941,8249,0.0,3.8544514179229736,0
4942,8250,0.0006926626083441,3.8544514179229736,0
4943,8251,0.0,2.969403028488159,0
4944,8252,0.0036736079491674,2.969403028488159,0
4945,8253,0.0,2.7215235233306885,0
4946,8254,0.0,2.7215235233306885,0
4947,8255,0.0002490834740456,3.160229206085205,0
4948,8256,0.0014415894402191,3.160229206085205,0
4949,8257,0.0003355855005793,3.160229206085205,0
4950,8258,7.810218812664971e-05,2.1786606311798096,0
4951,8259,0.0039333654567599,2.1786606311798096,0
4952,8260,0.0008464316488243,6.855958938598633,0
4953,8261,0.0057877139188349,6.855958938598633,0
4954,8262,0.0006908174837008,6.855958938598633,0
4955,8263,0.0047430754639208,5.754552364349365,0
4956,8264,0.0082387588918209,5.754552364349365,0
4957,8265,0.004756529815495,5.754552364349365,0
4958,8266,0.0029900399968028,3.736940383911133,0
4959,8267,0.0058458470739424,3.7502291202545166,0
4960,8268,0.0056254360824823,3.7502291202545166,0
4961,8269,0.0091035896912217,4.05873966217041,0
4962,8270,0.0010633722413331,4.05873966217041,0
4963,8271,0.0036807006690651,4.05873966217041,0
4964,8272,0.0044648735783994,3.2686071395874023,0
4965,8273,0.0051958938129246,3.2686071395874023,0
4966,8274,0.0050351386889815,3.509238004684448,0
4967,8275,0.0102262059226632,3.509238004684448,0
4968,8276,0.0019919632468372,3.509238004684448,0
4969,8277,0.0072982087731361,3.213218212127685,0
4970,8278,0.0043015163391828,3.213218212127685,0
4971,8279,0.0068345391191542,3.213218212127685,0
4972,8280,0.0069003337994217,3.696436882019043,0
4973,8281,0.009209525771439,3.696436882019043,0
4974,8282,0.0049727731384336,3.362563371658325,0
4975,8283,0.0094942487776279,3.362563371658325,0
4976,8284,0.0053632240742444,2.8864688873291016,0
4977,8285,0.0121660586446523,2.8864688873291016,0
4978,8286,0.0071319080889225,2.739630460739136,0
4979,8287,0.004068030975759,2.739630460739136,0
4980,8288,0.0066118030808866,2.850051164627075,0
4981,8289,0.0117052569985389,2.8318514823913574,0
4982,8290,0.0053673703223466,2.745769500732422,0
4983,8291,0.0029741486068814,2.7013516426086426,0
4984,8292,0.000318451464409,2.8118345737457275,0
4985,8293,0.0,2.8118345737457275,0
4986,8294,0.0,3.9383716583251953,0
4987,8295,0.0,3.9383716583251953,0
4988,8296,0.001954611390829,3.58552360534668,0
4989,8297,0.0,3.58552360534668,0
4990,8298,0.0007048468687571,3.58552360534668,0
4991,8299,0.0030235303565859,3.476087808609009,0
4992,8300,0.001202393323183,3.476087808609009,0
4993,8301,0.0,3.476087808609009,0
4994,8302,0.0,3.5071465969085693,0
4995,8303,0.000429543753853,3.5071465969085693,0
4996,8304,0.0,3.5071465969085693,0
4997,8305,0.0,3.6434500217437744,0
4998,8306,0.0,3.6434500217437744,0
4999,8307,0.000242841153522,3.6434500217437744,0
5000,8308,0.0,3.6434500217437744,0
5001,8309,0.0023578905966132,2.9411044120788574,0
5002,8310,0.0017953724600374,2.9411044120788574,0
5003,8311,0.0024817213416099,2.798433780670166,0
5004,8312,0.0,2.798433780670166,0
5005,8313,0.0,2.798433780670166,0
5006,8314,0.0,3.491985559463501,0
5007,8315,0.0,3.491985559463501,0
5008,8316,0.0,3.491985559463501,0
5009,8317,0.0,3.2262117862701416,0
5010,8318,0.0,3.2262117862701416,0
5011,8319,0.0,3.2262117862701416,0
5012,8320,0.0005851453752256,3.1422359943389893,0
5013,8321,0.0003940327442251,3.1422359943389893,0
5014,8322,0.009103431366384,3.0255610942840576,0
5015,8323,0.0026005716063082,3.0255610942840576,0
5016,8324,0.0,2.9677281379699707,0
5017,8325,0.0058390339836478,2.9909024238586426,0
5018,8326,0.0,3.177969694137573,0
5019,8327,0.0,3.177969694137573,0
5020,8328,0.0,3.1240463256835938,0
5021,8329,0.0,3.1240463256835938,0
5022,8330,0.001176121411845,3.2948110103607178,0
5023,8331,0.0009734131162986,3.2948110103607178,0
5024,8332,0.0,3.555408239364624,0
5025,8333,0.0018000447889789,3.555408239364624,0
5026,8334,0.000527701806277,3.156948566436768,0
5027,8335,0.0,3.156948566436768,0
5028,8336,0.0,3.222536563873291,0
5029,8337,0.0,3.222536563873291,0
5030,8338,0.0,4.165318489074707,0
5031,8339,0.0,4.165318489074707,0
5032,8340,0.0,4.165318489074707,0
5033,8341,0.0,3.539687395095825,0
5034,8342,0.0,3.539687395095825,0
5035,8343,0.0,3.782500505447388,0
5036,8344,0.0,3.782500505447388,0
5037,8345,0.0,3.782500505447388,0
5038,8346,0.0,3.782500505447388,0
5039,8347,0.0,3.105540037155152,0
5040,8348,0.0001481923973187,2.9846270084381104,0
5041,8349,0.0,2.9846270084381104,0
5042,8350,0.0,3.026479005813598,0
5043,8351,0.0,3.026479005813598,0
5044,8352,0.0021478249691426,3.026479005813598,0
5045,8353,0.0,1.827863335609436,0
5046,8354,0.0,1.827863335609436,0
5047,8355,0.0,1.827863335609436,0
5048,8356,0.0,1.827863335609436,0
5049,8357,0.0,2.5619606971740723,0
5050,8358,0.0009576732991263,2.5619606971740723,0
5051,8359,0.0,2.5619606971740723,0
5052,8360,0.0,2.912292242050171,0
5053,8361,0.0,2.912292242050171,0
5054,8362,0.0,1.728809475898743,0
5055,8363,0.0,1.728809475898743,0
5056,8364,0.0,1.728809475898743,0
5057,8365,0.0,1.832696914672852,0
5058,8366,0.0,1.832696914672852,0
5059,8367,0.0,4.412628173828125,0
5060,8368,0.0,4.412628173828125,0
5061,8369,0.000112474321213,4.119585514068604,0
5062,8370,0.0,4.119585514068604,0
5063,8371,0.0,4.469723224639893,0
5064,8372,0.0009293212788179,4.469723224639893,0
5065,8373,0.0,5.216739177703857,0
5066,8374,0.0002765563549473,5.216739177703857,0
5067,8375,0.0014887760626152,4.805023670196533,0
5068,8376,0.0,4.805023670196533,0
5069,8377,0.0,4.4957122802734375,0
5070,8378,0.0,4.4957122802734375,0
5071,8379,0.0,4.442132949829102,0
5072,8380,0.0005171942757442,4.442132949829102,0
5073,8381,0.0,4.442132949829102,0
5074,8382,0.0,4.303437232971191,0
5075,8383,0.0,4.303437232971191,0
5076,8384,0.0,2.8375723361968994,0
5077,8385,0.0,2.8375723361968994,0
5078,8386,0.0034189713187515,2.8375723361968994,0
5079,8387,0.0,2.8375723361968994,0
5080,8388,0.0,2.2426912784576416,0
5081,8389,0.0,2.2426912784576416,0
5082,8390,0.0,2.2426912784576416,0
5083,8391,0.0,2.737571477890014,0
5084,8392,0.0,2.737571477890014,0
5085,8393,0.0,2.737571477890014,0
5086,8394,0.0,2.3548355102539062,0
5087,8395,0.0,2.3548355102539062,0
5088,8396,0.0,2.3548355102539062,0
5089,8397,0.0,2.3548355102539062,0
5090,8398,0.0,2.2105209827423096,0
5091,8399,0.0,2.2105209827423096,0
5092,8400,0.0,3.021301031112671,0
5093,8401,0.0,3.021301031112671,0
5094,8402,0.0,3.021301031112671,0
5095,8403,0.0,3.6690499782562256,0
5096,8404,0.0,3.6690499782562256,0
5097,8405,0.0,3.6799700260162354,0
5098,8406,0.0,3.6799700260162354,0
5099,8407,0.0,2.297722101211548,0
5100,8408,0.0010716317920014,2.297722101211548,0
5101,8409,0.0,3.362349033355713,0
5102,8410,0.0,3.362349033355713,0
5103,8411,0.0,3.104212760925293,0
5104,8412,0.0,3.104212760925293,0
5105,8413,0.0,2.956780433654785,0
5106,8414,0.0,2.956780433654785,0
5107,8415,0.0,2.619368553161621,0
5108,8416,0.0,2.619368553161621,0
5109,8417,0.0,2.6398868560791016,0
5110,8418,0.0,2.6398868560791016,0
5111,8419,0.0,2.560422658920288,0
5112,8420,0.0,2.560422658920288,0
5113,8421,0.0,2.560422658920288,0
5114,8422,0.0,3.3793320655822754,0
5115,8423,0.0,3.3793320655822754,0
5116,8424,0.0,3.436546087265014,0
5117,8425,0.0,3.436546087265014,0
5118,8426,0.0,3.436546087265014,0
5119,8427,0.0,3.419139623641968,0
5120,8428,0.0010342166060581,3.419139623641968,0
5121,8429,0.0,3.419139623641968,0
5122,8430,0.0,3.050314426422119,0
5123,8431,0.0,3.050314426422119,0
5124,8432,0.0,3.050314426422119,0
5125,8433,0.0009251424344256,3.050314426422119,0
5126,8434,0.0,3.050314426422119,0
5127,8435,0.0007844369974918,3.3442533016204834,0
5128,8436,0.0,3.3442533016204834,0
5129,8437,0.0040096105076372,3.3442533016204834,0
5130,8438,0.0,1.6110281944274902,0
5131,8439,0.0,1.6110281944274902,0
5132,8440,0.0,1.6110281944274902,0
5133,8441,0.0014457415090873,1.6110281944274902,0
5134,8442,0.0025103990919888,3.0680952072143555,0
5135,8443,0.0002820098015945,3.0680952072143555,0
5136,8444,0.0001671196514507,4.05088996887207,0
5137,8445,0.0023844155948609,4.05088996887207,0
5138,8446,0.0028219963423907,4.05088996887207,0
5139,8447,0.0016837249277159,3.7979681491851807,0
5140,8448,0.0022232891060411,3.7979681491851807,0
5141,8449,0.0,2.2829720973968506,0
5142,8450,0.0003064519842155,2.2780556678771973,0
5143,8451,0.0,2.2780556678771973,0
5144,8452,0.0018047218909487,3.545763731002808,0
5145,8453,0.0,3.545763731002808,0
5146,8454,0.001094936276786,3.545763731002808,0
5147,8455,0.0004312472592573,3.262171983718872,0
5148,8456,0.0015236984472721,3.1494548320770264,0
5149,8457,0.000870372983627,3.1494548320770264,0
5150,8458,0.0007332495297305,3.1494548320770264,0
5151,8459,0.0020729734096676,2.980668067932129,0
5152,8460,0.0024652655702084,2.980668067932129,0
5153,8461,0.0,3.737950086593628,0
5154,8462,0.0024558594450354,3.737950086593628,0
5155,8463,0.0010863553034141,3.522163152694702,0
5156,8464,0.0005303440266288,3.522163152694702,0
5157,8465,0.0,3.522163152694702,0
5158,8466,0.0109319649636745,3.4635274410247803,0
5159,8467,0.0022366361226886,3.4635274410247803,0
5160,8468,0.0084188384935259,3.4635274410247803,0
5161,8469,0.0022634339984506,3.408722400665283,0
5162,8470,0.0039444300346076,3.408722400665283,0
5163,8471,0.0042677097953855,3.408722400665283,0
5164,8472,0.0070723523385822,3.4472169876098637,0
5165,8473,0.006990919355303,3.4472169876098637,0
5166,8474,0.0057360427454113,3.4472169876098637,0
5167,8475,0.002991871908307,3.44036078453064,0
5168,8476,0.0079296734184026,3.44036078453064,0
5169,8477,0.002424516249448,3.44036078453064,0
5170,8478,0.0148109775036573,3.44036078453064,0
5171,8479,0.0062652737833559,3.9763238430023193,0
5172,8480,0.0077072028070688,3.9763238430023193,0
5173,8481,0.010946569032967,3.9763238430023193,0
5174,8482,0.0127852261066436,3.9763238430023193,0
5175,8483,0.0072883642278611,4.747426986694336,0
5176,8484,0.0121513344347476,4.747426986694336,0
5177,8485,0.0108924601227045,4.747426986694336,0
5178,8486,0.0101398797705769,3.3255615234375,0
5179,8487,0.008644450455904,3.3255615234375,0
5180,8488,0.0181723646819591,3.6170949935913086,0
5181,8489,0.0207796059548854,3.6170949935913086,0
5182,8490,0.0095368344336748,3.762708902359009,0
5183,8491,0.0153370900079607,3.762708902359009,0
5184,8492,0.0199150908738374,3.775302171707153,0
5185,8493,0.0107641415670514,3.775302171707153,0
5186,8494,0.0062044388614594,3.6937015056610103,0
5187,8495,0.006579068955034,3.6937015056610103,0
5188,8496,0.003548024687916,3.837159156799317,0
5189,8497,0.0050724628381431,3.837159156799317,0
5190,8498,0.0074811815284192,3.98176383972168,0
5191,8499,0.0107346978038549,3.98176383972168,0
5192,8500,0.0104900812730193,3.8276846408844,0
5193,8501,0.0116618499159812,3.8276846408844,0
5194,8502,0.0022679171524941,3.8276846408844,0
5195,8503,0.0045115719549357,5.518024921417236,0
5196,8504,0.0020506205037236,5.518024921417236,0
5197,8505,0.00114747940097,5.310454845428467,0
5198,8506,0.006808154284954,5.310454845428467,0
5199,8507,0.0071565611287951,5.310454845428467,0
5200,8508,0.009202379733324,5.875705242156982,0
5201,8509,0.0119332419708371,5.875705242156982,0
5202,8510,0.0057661710307002,5.752026557922363,0
5203,8511,0.0052628740668296,5.752026557922363,0
5204,8512,0.0222359001636505,5.752026557922363,0
5205,8513,0.0054621524177491,5.716984748840332,0
5206,8514,0.0103652253746986,5.716984748840332,0
5207,8515,0.0037350943312048,5.606375694274902,0
5208,8516,0.0060898535884916,5.606375694274902,0
5209,8517,0.0143284117802977,5.606375694274902,0
5210,8518,0.0095166349783539,5.606375694274902,0
5211,8519,0.0073997019790112,5.695391654968262,0
5212,8520,0.0041030151769518,5.695391654968262,0
5213,8521,0.0069674379192292,5.695391654968262,0
5214,8522,0.0030172283295542,5.633656978607178,0
5215,8523,0.0078262258321046,5.633656978607178,0
5216,8524,0.0054675489664077,5.633656978607178,0
5217,8525,0.0069877998903393,5.633656978607178,0
5218,8526,0.008456970565021,5.771754264831543,0
5219,8527,0.0055311960168182,5.771754264831543,0
5220,8528,0.0045079733245074,4.370443820953369,0
5221,8529,0.0124833704903721,4.370443820953369,0
5222,8530,0.0057313670404255,1.7367501258850098,1
